[?25l[0m[7m[38;2;0;0;0m [0m[38;2;0;0;0;48;2;0;0;0m                       [48;2;11;11;10m`[38;2;246;243;241;48;2;39;39;38m_[38;2;252;245;240;48;2;70;69;68m_[38;2;201;195;191;48;2;82;80;79my[38;2;198;192;188;48;2;81;79;77my[38;2;250;246;242;48;2;61;60;59m_[38;2;63;61;59;48;2;13;13;13m,[48;2;0;0;0m             [38;2;0;0;0;48;2;10;9;9m`[38;2;189;185;183;48;2;96;91;88ma[38;2;1;1;1;48;2;161;140;130m~[48;2;153;141;135m~[38;2;236;210;202;48;2;55;52;51m_[38;2;0;0;0;48;2;4;4;4m`[48;2;0;0;0m                              [0m
[7m[38;2;0;0;0m [0m[38;2;0;0;0;48;2;0;0;0m                   [48;2;2;1;1m:[38;2;226;223;219;48;2;31;30;30m_[38;2;207;201;197;48;2;86;84;82my[38;2;34;33;32;48;2;203;195;189m~[38;2;181;179;177;48;2;244;233;226m`[38;2;251;212;194;48;2;252;232;220mz[38;2;245;175;151;48;2;250;213;196my[38;2;246;181;157;48;2;250;208;189my[38;2;251;201;180;48;2;251;220;205mr[38;2;253;237;227;48;2;252;239;230m>[38;2;128;125;124;48;2;229;218;211m`[38;2;196;190;187;48;2;42;40;39m_[48;2;0;0;0m           [38;2;117;116;117;48;2;24;23;23my[38;2;58;56;56;48;2;199;193;190m~[38;2;241;169;139;48;2;249;202;179my[38;2;247;191;166;48;2;249;210;192m[[38;2;248;216;204;48;2;251;237;228m_[38;2;186;119;110;48;2;222;170;161ma[38;2;43;42;42;48;2;178;144;136m`[38;2;141;135;132;48;2;30;28;28m_[48;2;0;0;0m                             [0m
[7m[38;2;0;0;0m [0m[38;2;0;0;0;48;2;0;0;0m                 [38;2;53;52;52;48;2;2;1;1m_[38;2;169;162;159;48;2;57;53;51my[38;2;34;31;30;48;2;226;202;190m`[38;2;250;205;185;48;2;252;236;227m_[38;2;252;235;226;48;2;252;240;232m-[38;2;253;241;234;48;2;252;232;221m~[38;2;253;223;208;48;2;253;230;216m2[38;2;253;223;206;48;2;251;201;181m~[38;2;246;175;149;48;2;248;185;162m~[38;2;239;161;135;48;2;245;178;153mT[38;2;249;192;170;48;2;252;222;207m_[38;2;253;241;231;48;2;253;238;228m.[38;2;253;217;199;48;2;252;231;218m,[38;2;252;250;245;48;2;211;190;179m'[38;2;0;0;0;48;2;10;8;8m`[38;2;110;92;72;48;2;5;4;3m_[38;2;138;116;90;48;2;8;7;6m_[38;2;238;215;173;48;2;32;30;26m_[38;2;253;224;186;48;2;37;35;30m_[38;2;244;171;127;48;2;53;46;40m_[38;2;251;205;169;48;2;40;37;33m_[38;2;253;236;209;48;2;40;39;36m_[38;2;252;192;143;48;2;62;59;56m_[38;2;243;212;194;48;2;40;39;38m_[38;2;221;170;135;48;2;42;42;41m_[38;2;136;134;134;48;2;218;210;204m~[38;2;251;236;227;48;2;197;136;104m~[38;2;127;60;35;48;2;180;114;84mI[38;2;213;143;114;48;2;248;216;198m_[38;2;205;148;140;48;2;226;174;163mg[38;2;220;115;108;48;2;208;104;98m~[38;2;152;74;66;48;2;182;90;83m~[38;2;163;98;86;48;2;189;142;131m_[38;2;135;122;119;48;2;48;45;43m_[48;2;0;0;0m                            [0m
[7m[38;2;0;0;0m [0m[38;2;0;0;0;48;2;0;0;0m                 [38;2;84;83;82;48;2;11;10;10m`[38;2;116;109;105;48;2;195;181;173m_[38;2;243;188;168;48;2;247;221;209m~[38;2;242;198;184;48;2;248;219;205m=[38;2;246;193;175;48;2;251;225;213m=[38;2;250;209;192;48;2;251;227;217m+[38;2;249;195;176;48;2;250;215;201mx[38;2;252;209;192;48;2;252;232;222m~[38;2;251;222;209;48;2;252;231;219my[38;2;246;193;175;48;2;248;214;200m+[38;2;219;144;116;48;2;244;197;179m_[38;2;241;199;175;48;2;252;226;211m_[38;2;211;121;79;48;2;239;190;167m_[38;2;212;148;124;48;2;182;107;70m~[38;2;175;87;42;48;2;191;114;69m+[38;2;240;187;134;48;2;223;137;83m~[38;2;244;193;135;48;2;203;124;77m~[38;2;190;101;54;48;2;223;141;89mL[38;2;209;121;72;48;2;232;151;99m1[38;2;246;176;128;48;2;222;138;86m~[38;2;198;114;67;48;2;221;139;88mr[38;2;248;184;133;48;2;210;126;77m~[38;2;191;110;66;48;2;216;135;85mF[38;2;225;145;91;48;2;215;137;86mC[38;2;190;108;63;48;2;203;123;75mM[38;2;246;205;173;48;2;206;125;76m`[38;2;222;150;97;48;2;155;85;46m=[38;2;193;126;86;48;2;146;90;62mW[38;2;213;137;99;48;2;171;110;91m_[38;2;173;95;89;48;2;166;78;74mF[38;2;170;72;69;48;2;177;77;73my[38;2;181;81;78;48;2;192;88;84m_[38;2;156;77;70;48;2;171;85;78m?[38;2;154;92;86;48;2;174;138;132m,[38;2;0;0;0;48;2;10;9;9m`[48;2;0;0;0m                           [0m
[7m[38;2;0;0;0m [0m[38;2;0;0;0;48;2;0;0;0m                  [38;2;69;65;63;48;2;25;24;23m"[38;2;127;114;108;48;2;188;157;143m_[38;2;119;75;62;48;2;179;132;117my[38;2;66;34;22;48;2;197;150;133m_[38;2;176;118;98;48;2;208;153;134mg[38;2;247;213;200;48;2;189;139;120m~[38;2;58;40;33;48;2;186;134;115m_[38;2;46;24;17;48;2;168;116;97m_[38;2;225;176;158;48;2;146;92;74m~[38;2;35;15;10;48;2;162;108;88m_[38;2;113;51;23;48;2;170;95;59m,[38;2;230;140;87;48;2;210;121;72m:[38;2;200;111;64;48;2;209;121;72m`[38;2;212;123;73;48;2;223;132;80mK[38;2;175;91;48;48;2;212;123;73mg[38;2;169;84;43;48;2;195;111;65mg[38;2;139;64;29;48;2;173;87;45mm[38;2;181;96;52;48;2;164;82;41m*[38;2;88;36;14;48;2;158;81;42m_[38;2;160;83;44;48;2;176;96;53mP[38;2;133;58;27;48;2;187;105;60m'[38;2;160;80;41;48;2;194;112;64mg[38;2;166;94;53;48;2;196;116;67mL[38;2;239;217;202;48;2;192;121;83m_[38;2;229;187;161;48;2;193;127;89my[38;2;201;121;76;48;2;217;141;94m4[38;2;126;65;36;48;2;199;122;77m~[38;2;130;74;43;48;2;189;116;74m?[38;2;165;80;66;48;2;189;110;72m~[38;2;186;99;67;48;2;173;80;67m.[38;2;191;88;86;48;2;183;82;79my[38;2;166;77;69;48;2;185;90;83m_[38;2;152;92;86;48;2;162;111;104m'[38;2;0;0;0;48;2;26;23;22m'[48;2;0;0;0m                           [0m
[7m[38;2;0;0;0m [0m[38;2;0;0;0;48;2;0;0;0m                   [38;2;70;65;62;48;2;19;17;16m`[38;2;167;119;100;48;2;70;53;46m~[38;2;146;99;80;48;2;90;57;42m+[38;2;131;77;52;48;2;79;42;28m,[38;2;43;17;10;48;2;22;6;3m~[38;2;11;2;1;48;2;15;2;1m=[38;2;6;0;0;48;2;19;4;1m'[38;2;99;40;17;48;2;42;17;10m_[38;2;111;53;26;48;2;49;17;8m_[38;2;107;48;22;48;2;147;79;44mF[38;2;130;58;28;48;2;185;106;63m`[38;2;169;90;49;48;2;201;115;68my[38;2;167;82;40;48;2;186;101;56m_[38;2;131;59;24;48;2;153;73;34m=[38;2;117;51;20;48;2;143;70;35m^[38;2;134;62;29;48;2;152;76;40mC[38;2;126;59;27;48;2;153;75;37mi[38;2;119;51;18;48;2;172;89;47m`[38;2;217;140;88;48;2;164;86;47m`[38;2;157;81;41;48;2;167;96;59m:[38;2;201;116;67;48;2;221;178;154m~[38;2;153;81;50;48;2;228;200;186m~[38;2;253;246;239;48;2;247;234;224m:[38;2;252;241;232;48;2;252;243;237ml[38;2;225;190;177;48;2;249;236;229m`[38;2;213;129;83;48;2;246;228;217m`[38;2;235;207;188;48;2;201;144;112my[38;2;231;164;115;48;2;196;125;84m`[38;2;84;37;15;48;2;185;117;80m`[38;2;123;65;38;48;2;172;96;71mw[38;2;150;74;66;48;2;156;93;80m^[38;2;164;124;119;48;2;82;63;60mF[38;2;0;0;0;48;2;1;1;1m:[48;2;0;0;0m                           [0m
[7m[38;2;0;0;0m [0m[38;2;0;0;0;48;2;0;0;0m                    [48;2;16;11;8m`[38;2;108;74;49;48;2;171;115;76m~[38;2;148;84;51;48;2;104;53;29mL[38;2;60;22;8;48;2;33;9;2m_[38;2;79;30;10;48;2;49;15;5m_[38;2;44;13;4;48;2;111;52;25m~[38;2;126;59;28;48;2;156;81;44mF[38;2;81;30;10;48;2;180;97;56m_[38;2;83;34;11;48;2;160;83;46m_[38;2;137;68;35;48;2;163;86;48mh[38;2;84;34;14;48;2;145;72;37mq[38;2;144;68;34;48;2;110;48;21mx[38;2;96;41;18;48;2;122;56;25m;[38;2;164;83;42;48;2;116;54;25m~[38;2;112;53;24;48;2;147;74;38mF[38;2;211;121;70;48;2;187;103;59mv[38;2;144;72;38;48;2;181;99;56m][38;2;209;131;92;48;2;189;112;72mu[38;2;200;120;78;48;2;235;202;182m~[38;2;252;245;239;48;2;252;243;237m.[38;2;252;242;235;48;2;252;244;237m_[38;2;253;244;236;48;2;252;246;241m.[38;2;252;244;239;48;2;252;245;240mu[38;2;252;244;237mr[38;2;252;241;234;48;2;252;244;239m=[38;2;252;236;226;48;2;252;241;235m=[38;2;229;202;189;48;2;251;237;229m`[38;2;187;133;108;48;2;221;192;177m~[38;2;211;138;94;48;2;161;95;60m~[38;2;188;112;70;48;2;133;75;45m=[38;2;154;103;67;48;2;63;40;26my[38;2;0;0;0;48;2;1;1;1m:[48;2;0;0;0m                           [0m
[7m[38;2;0;0;0m [0m[38;2;0;0;0;48;2;0;0;0m                   [48;2;1;1;0m:[38;2;84;60;40;48;2;178;125;85m~[38;2;192;118;76;48;2;207;133;87m<[38;2;177;106;66;48;2;142;77;43mF[38;2;111;51;22;48;2;79;34;12m_[38;2;76;30;11;48;2;107;48;22m^[38;2;171;92;52;48;2;157;78;41mx[38;2;125;60;28;48;2;169;90;50m_[38;2;165;84;43;48;2;145;71;34mK[38;2;61;18;4;48;2;99;40;15m`[38;2;156;77;36;48;2;103;44;18m~[38;2;158;80;42;48;2;136;65;31mZ[38;2;99;45;17;48;2;160;80;41m`[38;2;198;112;67;48;2;117;54;25m*[38;2;48;16;5;48;2;150;77;40m_[38;2;44;14;5;48;2;142;74;38m_[38;2;127;62;30;48;2;142;73;37mv[38;2;173;98;55;48;2;146;75;40m/[38;2;209;153;123;48;2;229;190;168mL[38;2;253;233;221;48;2;252;240;230m*[38;2;252;246;241;48;2;252;241;233m`[38;2;253;239;230;48;2;253;243;235mF[38;2;253;243;237;48;2;253;245;239mM[38;2;253;245;240;48;2;253;246;241m.[38;2;253;242;234;48;2;252;244;238m_[38;2;252;240;230;48;2;252;245;240m`[38;2;252;245;240;48;2;252;246;242m"[38;2;251;236;227;48;2;252;246;241m`[38;2;250;232;221;48;2;251;241;236m~[38;2;112;88;76;48;2;199;186;178m~[38;2;121;116;113;48;2;78;60;51m_[38;2;2;2;2;48;2;82;53;39m.[38;2;9;5;3;48;2;160;100;65m`[38;2;118;87;62;48;2;25;17;11m_[48;2;0;0;0m                          [0m
[7m[38;2;0;0;0m [0m[38;2;0;0;0;48;2;0;0;0m                   [38;2;177;137;97;48;2;76;57;40my[38;2;169;98;58;48;2;202;132;84mg[38;2;192;119;75;48;2;205;131;84mM[38;2;106;48;21;48;2;144;75;39mg[38;2;131;63;29;48;2;145;74;38m5[38;2;103;43;19;48;2;169;92;52m,[38;2;134;63;29;48;2;169;91;51m_[38;2;169;90;48;48;2;128;62;29mF[38;2;180;98;53;48;2;98;42;17m`[38;2;113;48;18;48;2;89;34;12m\[38;2;123;55;22;48;2;97;40;15mP[38;2;126;62;30;48;2;100;42;17mJ[38;2;106;49;20;48;2;57;21;7m-[38;2;103;45;16;48;2;23;9;3m~[38;2;107;99;93;48;2;51;41;36mu[38;2;196;181;173;48;2;80;71;66ma[38;2;102;41;15;48;2;21;10;7m`[38;2;167;99;58;48;2;100;62;44m~[38;2;234;199;178;48;2;240;214;199m^[38;2;253;237;225;48;2;252;241;233mr[38;2;251;239;230;48;2;252;243;236m.[38;2;252;236;225mz[38;2;253;238;228;48;2;252;243;237m_[38;2;253;240;231;48;2;253;244;238mY[38;2;252;242;235;48;2;252;245;239mx[38;2;252;233;223;48;2;252;240;232m_[38;2;253;234;223;48;2;252;242;235mw[38;2;252;227;214;48;2;252;239;231mu[38;2;250;212;198;48;2;252;237;229m_[38;2;253;247;243;48;2;252;239;232m'[38;2;224;222;220;48;2;244;226;218m`[38;2;57;54;52;48;2;195;184;179m~[38;2;206;192;186;48;2;149;126;116mj[38;2;203;163;143;48;2;145;89;57m_[38;2;138;102;76;48;2;41;28;19my[48;2;0;0;0m                         [0m
[7m[38;2;0;0;0m [0m[38;2;0;0;0;48;2;0;0;0m                  [48;2;22;18;15m'[38;2;188;110;65;48;2;205;137;93m.[38;2;128;70;41;48;2;210;135;86m`[38;2;181;105;61;48;2;159;91;53m\[38;2;150;76;40;48;2;126;61;29mK[38;2;150;77;42;48;2;121;59;29m*[38;2;156;82;46mT[38;2;90;37;14;48;2;120;56;27mP[38;2;130;60;27;48;2;106;47;20m~[38;2;131;60;27;48;2;89;35;13m_[38;2;74;26;9;48;2;98;40;14m9[38;2;45;9;2;48;2;70;24;7m:[38;2;113;53;22;48;2;83;33;11m.[38;2;101;44;15;48;2;60;22;7mz[38;2;13;3;1;48;2;19;10;7m'[38;2;1;0;0;48;2;2;1;1m:[38;2;0;0;0;48;2;7;5;4m`[38;2;17;13;11;48;2;58;44;39mF[38;2;111;87;78;48;2;177;160;151mF[38;2;252;236;224;48;2;252;239;230m)[38;2;252;235;224;48;2;252;240;231ma[38;2;252;238;229;48;2;252;242;235mw[38;2;253;249;247;48;2;252;244;238m`[38;2;253;241;233;48;2;252;243;237mz[38;2;251;231;220;48;2;252;239;231mw[38;2;252;198;180;48;2;252;228;217m_[38;2;251;187;173;48;2;252;219;205m_[38;2;251;182;169;48;2;252;216;207m-[38;2;253;236;234;48;2;252;213;205m_[38;2;252;223;215;48;2;251;210;205m~[38;2;250;183;165;48;2;251;198;193m"[38;2;253;210;206;48;2;248;189;181m=[38;2;247;219;207;48;2;248;194;186m~[38;2;248;212;200;48;2;251;227;218mL[38;2;252;247;244;48;2;250;240;233m'[38;2;184;140;121;48;2;242;224;213m~[38;2;198;189;184;48;2;93;87;84my[38;2;137;135;134;48;2;21;20;20m_[48;2;0;0;0m                       [0m
[7m[38;2;0;0;0m [0m[38;2;0;0;0;48;2;0;0;0m                  [48;2;74;59;46m`[38;2;174;106;66;48;2;214;136;88m`[38;2;110;57;33;48;2;193;117;73m_[38;2;155;90;55;48;2;136;74;42mL[38;2;140;71;36;48;2;113;54;27m*[38;2;72;30;12;48;2;118;58;29m/[38;2;87;40;17;48;2;112;55;27mF[38;2;142;69;35;48;2;121;58;28my[38;2;159;89;50;48;2;123;60;29mv[38;2;74;29;12;48;2;104;45;19mu[38;2;152;76;40;48;2;109;48;21m_[38;2;142;67;32;48;2;112;47;19mc[38;2;121;56;26;48;2;100;43;17my[38;2;171;95;51;48;2;136;68;33m.[38;2;252;242;236;48;2;143;97;72m_[38;2;232;217;207;48;2;123;111;105my[38;2;64;46;38;48;2;209;198;192m~[38;2;133;116;108;48;2;237;228;221m`[38;2;253;246;239;48;2;251;241;234m`[38;2;253;239;230;48;2;252;242;235m-[38;2;253;238;228;48;2;252;243;236mw[38;2;252;247;242;48;2;252;243;237m`[38;2;252;232;220;48;2;252;241;234m_[38;2;251;230;218;48;2;252;237;228mu[38;2;252;233;222;48;2;253;237;227mf[38;2;251;180;172;48;2;251;199;189ma[38;2;250;146;143;48;2;251;192;188m_[38;2;250;132;133;48;2;251;202;199m_[38;2;249;127;130;48;2;251;194;192m_[38;2;251;202;200;48;2;250;157;158m~[38;2;248;110;116;48;2;249;151;153m_[38;2;242;100;108;48;2;248;142;145m_[38;2;210;80;90;48;2;243;127;132m_[38;2;236;140;144;48;2;243;182;179mr[38;2;252;234;223;48;2;252;239;232m_[38;2;247;226;216;48;2;250;234;226m*[38;2;247;225;216;48;2;249;234;227m,[38;2;204;201;199;48;2;236;223;217m`[38;2;237;224;218;48;2;73;71;69m_[38;2;0;0;0;48;2;2;2;2m:[48;2;0;0;0m                     [0m
[7m[38;2;0;0;0m [0m[38;2;0;0;0;48;2;0;0;0m                  [38;2;49;39;29;48;2;127;93;67mF[38;2;110;57;33;48;2;198;128;83m,[38;2;149;88;53;48;2;112;61;34mr[38;2;189;114;71;48;2;150;82;47mf[38;2;141;72;37;48;2;109;52;24mP[38;2;117;65;36;48;2;70;30;13m+[38;2;124;60;30;48;2;93;41;19m=[38;2;89;42;20;48;2;121;59;29mw[38;2;143;76;40;48;2;113;54;24me[38;2;58;19;6;48;2;118;56;27m_[38;2;145;76;41;48;2;120;60;30mC[38;2;80;35;16;48;2;135;79;50m'[38;2;253;239;229;48;2;175;122;95m_[38;2;151;99;81;48;2;233;214;203m`[38;2;252;239;230;48;2;252;241;234mr[38;2;252;246;240mr[38;2;252;239;229;48;2;252;242;235mu[38;2;252;234;223;48;2;252;240;231m_[38;2;253;245;238;48;2;253;241;233m:[38;2;253;234;223;48;2;253;239;230m.[38;2;253;245;239;48;2;252;234;224m'[38;2;252;227;213;48;2;252;232;221mz[38;2;252;228;215;48;2;252;235;225m~[38;2;251;223;208;48;2;251;232;220m7[38;2;249;215;199;48;2;250;223;210m>[38;2;242;191;173;48;2;251;222;212m.[38;2;249;209;203;48;2;249;167;161ms[38;2;254;244;236;48;2;242;118;121m_[38;2;219;106;108;48;2;227;89;96m,[38;2;247;100;108;48;2;203;69;79m~[38;2;238;91;100;48;2;188;64;74m~[38;2;221;81;92;48;2;170;58;68m~[38;2;144;57;63;48;2;161;71;76m:[38;2;201;147;136;48;2;221;172;162mr[38;2;230;196;183;48;2;242;216;205my[38;2;226;189;177;48;2;234;204;193mg[38;2;231;201;190;48;2;243;220;211m_[38;2;236;209;199;48;2;245;225;217m*[38;2;233;204;195;48;2;242;222;215m,[38;2;186;179;177;48;2;88;84;83mL[48;2;0;0;0m                     [0m
[7m[38;2;0;0;0m [0m[38;2;0;0;0;48;2;0;0;0m                  [38;2;76;60;47;48;2;146;107;77mL[38;2;174;108;68;48;2;195;127;81mW[38;2;118;65;36;48;2;154;92;56m"[38;2;155;93;58;48;2;130;67;36mL[38;2;77;32;13;48;2;101;47;21mF[38;2;128;63;30;48;2;82;34;14m"[38;2;65;25;9;48;2;79;34;13m$[38;2;131;66;33;48;2;96;44;18m=[38;2;135;69;37;48;2;75;31;12m_[38;2;125;63;33;48;2;93;42;19my[38;2;177;128;105;48;2;147;93;66my[38;2;182;151;137;48;2;235;213;201m"[38;2;253;241;233;48;2;251;234;224m`[38;2;253;234;223;48;2;252;238;229m,[38;2;252;235;224;48;2;252;239;231m_[38;2;252;226;212;48;2;251;237;227m,[38;2;251;227;215;48;2;252;237;228m,[38;2;250;229;217;48;2;252;236;227my[38;2;253;243;235;48;2;252;236;226m'[38;2;252;235;224mL[38;2;251;229;216;48;2;252;232;221m^[38;2;250;219;204;48;2;252;232;220m=[38;2;249;221;207;48;2;250;226;213mJ[38;2;231;188;170;48;2;247;219;205m_[38;2;239;204;188;48;2;246;220;207m_[38;2;246;218;205;48;2;240;204;189mn[38;2;238;192;175;48;2;245;211;197mY[38;2;243;211;199;48;2;248;221;209mv[38;2;237;196;182;48;2;245;214;202mu[38;2;183;68;76;48;2;227;179;170m`[38;2;178;135;129;48;2;148;79;81mL[38;2;167;117;107;48;2;144;80;77my[38;2;167;113;104;48;2;187;139;128m~[38;2;203;160;148;48;2;218;181;169m[[38;2;228;196;185;48;2;221;186;174m:[48;2;210;171;160m_[38;2;216;179;168;48;2;223;189;179mF[38;2;216;180;169;48;2;231;202;193m=[38;2;227;198;190;48;2;234;209;202mp[38;2;248;239;238;48;2;219;199;196m`[38;2;111;109;109;48;2;33;33;32m,[48;2;0;0;0m                    [0m
[7m[38;2;0;0;0m [0m[38;2;0;0;0;48;2;0;0;0m                  [38;2;141;105;81;48;2;99;70;51mJ[38;2;173;111;73;48;2;203;134;88my[38;2;167;98;59;48;2;137;77;45mW[38;2;138;73;41;48;2;118;59;32mW[38;2;89;41;19;48;2;123;61;32mF[38;2;139;69;39;48;2;82;35;15m_[38;2;65;27;11;48;2;103;48;23mF[38;2;125;61;32;48;2;98;45;22m4[38;2;51;18;7;48;2;117;57;28m=[38;2;80;33;12;48;2;119;73;53m:[38;2;191;154;137;48;2;233;203;187m~[38;2;252;226;209;48;2;250;231;219m`[38;2;248;226;213;48;2;251;234;223m_[38;2;249;221;205;48;2;251;230;217mz[38;2;252;237;228;48;2;250;227;213mx[38;2;250;223;207;48;2;251;234;224m`[38;2;248;223;210;48;2;251;232;222mw[38;2;249;226;213m^[38;2;247;219;205;48;2;249;226;214m|[38;2;237;199;181;48;2;244;214;199m?[38;2;241;206;190;48;2;245;217;202mb[38;2;233;198;182;48;2;245;220;206m,[38;2;248;228;218;48;2;239;207;192m=[38;2;241;213;200;48;2;233;198;182mv[38;2;228;188;170;48;2;238;207;194m~[38;2;227;186;169;48;2;233;196;181m7[38;2;214;170;152;48;2;224;184;168md[38;2;236;205;192;48;2;210;167;150m~[38;2;170;126;112;48;2;227;191;177m_[38;2;213;175;162;48;2;202;162;148mM[38;2;133;107;99;48;2;157;123;114m4[38;2;156;115;104;48;2;178;135;123mL[38;2;195;154;142;48;2;185;142;130mM[38;2;234;202;191;48;2;193;153;141m`[38;2;196;159;148;48;2;190;151;141mJ[38;2;218;184;173;48;2;195;157;147m~[38;2;222;189;178;48;2;191;154;144m~[38;2;219;185;175;48;2;189;152;143m~[38;2;203;167;158;48;2;221;190;183m*[38;2;238;220;218;48;2;223;197;195m%[38;2;186;180;180;48;2;101;96;96mL[48;2;0;0;0m                    [0m
[7m[38;2;0;0;0m [0m[38;2;0;0;0;48;2;0;0;0m                  [38;2;117;90;67;48;2;68;51;38m4[38;2;159;95;59;48;2;195;124;81m*[38;2;122;66;39;48;2;150;85;51m=[38;2;151;85;50;48;2;138;77;45mu[38;2;148;81;48;48;2;169;99;61my[38;2;100;50;25;48;2;154;85;49m=[38;2;106;57;29;48;2;142;78;45m_[38;2;110;50;23;48;2;121;60;30m][38;2;151;79;41;48;2;93;44;21mr[38;2;140;83;59;48;2;191;154;136mF[38;2;251;232;220;48;2;247;222;208m`[38;2;242;214;198;48;2;248;226;213m_[38;2;245;214;196;48;2;247;223;209m/[38;2;229;185;163;48;2;244;218;204m_[38;2;232;193;174;48;2;245;220;207my[38;2;234;199;182;48;2;244;217;203m_[38;2;220;175;154;48;2;245;220;207m_[38;2;228;191;172;48;2;240;211;196my[38;2;233;200;185;48;2;242;215;202m_[38;2;228;190;174;48;2;238;208;195my[38;2;229;190;173;48;2;239;208;193ma[38;2;214;174;158;48;2;232;200;185my[38;2;231;197;182;48;2;218;180;164m^[38;2;197;154;137;48;2;209;168;152mY[38;2;204;160;142;48;2;214;173;157m7[38;2;198;155;138;48;2;220;181;165m_[38;2;208;169;154;48;2;223;186;172mz[38;2;195;156;143;48;2;212;174;161my[38;2;203;163;150;48;2;184;144;131m~[38;2;188;149;137;48;2;174;133;121m'[38;2;127;97;88;48;2;153;121;112mu[38;2;162;122;110;48;2;176;136;125mh[38;2;193;154;142;48;2;184;144;132mM[38;2;188;150;140;48;2;173;134;124m*[38;2;163;123;113;48;2;172;133;123m.[38;2;166;127;119;48;2;179;141;132m=[38;2;181;143;134;48;2;171;133;126m~[38;2;172;136;129;48;2;166;128;122m-[38;2;192;159;154;48;2;173;138;132m4[38;2;203;174;175;48;2;188;156;156m4[38;2;124;117;119;48;2;148;135;137mj[48;2;0;0;0m                    [0m
[7m[38;2;0;0;0m [0m[38;2;0;0;0;48;2;0;0;0m                  [38;2;2;1;1;48;2;36;28;22m:[38;2;225;153;106;48;2;203;133;89mL[38;2;125;66;37;48;2;162;93;55m=[38;2;166;105;69;48;2;135;76;45m,[38;2;136;74;42;48;2;159;90;53m_[38;2;76;34;14;48;2;126;66;36m=[38;2;123;63;33;48;2;97;48;24m>[38;2;97;45;21;48;2;77;33;14mg[38;2;119;61;34;48;2;96;48;27mJ[38;2;154;120;104;48;2;219;188;172m_[38;2;244;223;211;48;2;239;209;194mt[38;2;234;200;183;48;2;245;222;209m"[38;2;234;202;186;48;2;239;210;195md[38;2;236;208;195;48;2;229;192;174m=[38;2;230;196;180;48;2;223;184;166mg[38;2;219;176;156;48;2;224;184;166mr[38;2;231;200;185;48;2;221;181;162mu[38;2;229;195;179;48;2;222;185;167mE[38;2;222;186;170;48;2;213;174;157mL[38;2;195;157;141;48;2;223;189;174m_[38;2;219;185;169;48;2;203;164;148mI[38;2;212;176;161;48;2;202;162;146m9[38;2;186;144;129;48;2;204;166;151my[38;2;168;127;112;48;2;194;154;139my[38;2;218;187;174;48;2;185;145;130m=[38;2;207;171;158;48;2;186;146;133mf[38;2;176;136;123;48;2;194;157;143mg[38;2;169;131;120;48;2;175;137;125m.[48;2;164;127;116m:[38;2;96;71;64;48;2;151;116;106my[38;2;82;59;52;48;2;124;91;82m*[38;2;78;54;48;48;2;137;102;93my[38;2;137;101;91;48;2;161;124;114m,[38;2;169;131;121;48;2;156;119;109m~[38;2;163;125;116;48;2;158;121;112m^[38;2;167;129;120;48;2;160;124;116m~[38;2;170;132;125;48;2;160;124;117m~[38;2;159;124;119;48;2;157;122;117mJ[38;2;160;124;120;48;2;156;120;116mr[38;2;167;133;136;48;2;180;147;149m.[38;2;173;166;168;48;2;89;84;85mF[48;2;0;0;0m                    [0m
[7m[38;2;0;0;0m [0m[38;2;0;0;0;48;2;0;0;0m                [38;2;1;1;1m_[38;2;0;0;0;48;2;2;2;3m:[38;2;80;84;88;48;2;8;7;6m_[38;2;215;161;121;48;2;180;128;94m:[38;2;205;134;89;48;2;164;99;62ml[38;2;84;44;22;48;2;115;64;37mq[38;2;149;88;54;48;2;101;52;28ml[38;2;98;47;17;48;2;79;35;15m,[38;2;45;16;6;48;2;68;28;10mM[38;2;67;26;9;48;2;102;51;26mr[38;2;177;101;57;48;2;106;53;26m'[38;2;169;134;118;48;2;201;169;153mM[38;2;223;188;170;48;2;231;200;185ma[38;2;222;186;170;48;2;229;196;181m_[38;2;218;179;161;48;2;226;191;175mq[38;2;231;200;185;48;2;223;188;170m:[38;2;226;191;175;48;2;231;198;182m.[38;2;215;179;162;48;2;206;165;147mv[38;2;227;194;179;48;2;207;169;153mF[38;2;170;128;111;48;2;186;145;128my[38;2;216;181;165;48;2;193;154;139m`[38;2;189;149;135;48;2;192;153;138mJ[38;2;195;158;144;48;2;181;141;127mJ[38;2;202;166;152;48;2;182;144;130m^[38;2;202;165;152;48;2;174;135;122m~[38;2;175;137;124;48;2;165;126;113mF[38;2;144;104;92;48;2;152;113;101mT[38;2;150;110;98;48;2;157;119;107m^[38;2;111;81;73;48;2;148;112;102m_[38;2;104;76;68;48;2;133;100;90mw[38;2;98;69;61;48;2;122;89;80mf[38;2;112;78;70;48;2;140;104;93m~[38;2;146;108;98;48;2;156;117;107mj[38;2;123;87;77;48;2;150;113;103m`[38;2;97;71;63;48;2;138;103;94m~[38;2;131;95;86;48;2;145;109;99m=[38;2;141;105;96;48;2;149;113;105m~[38;2;153;118;111;48;2;156;121;114mF[38;2;152;117;112;48;2;154;119;114mj[38;2;149;114;110;48;2;152;117;113mn[38;2;163;130;130;48;2;158;124;122my[38;2;192;161;165;48;2;176;151;154m`[38;2;0;0;0;48;2;12;11;11m:[48;2;0;0;0m                    [0m
[7m[38;2;0;0;0m [0m[38;2;0;0;0;48;2;0;0;0m            [38;2;123;109;102;48;2;16;15;14m_[38;2;197;192;189;48;2;76;72;70my[38;2;3;3;3;48;2;155;146;142m~[38;2;231;223;219;48;2;117;100;92m=[38;2;198;185;179;48;2;130;106;96mF[38;2;227;224;222;48;2;137;111;100m^[38;2;230;230;231;48;2;122;96;85m~[38;2;133;87;58;48;2;169;132;109mw[38;2;173;108;72;48;2;186;121;82mW[38;2;137;79;46;48;2;116;63;34mh[38;2;99;49;25;48;2;80;37;17m>[38;2;75;31;13;48;2;56;21;8mx[38;2;76;36;14;48;2;60;24;9m\[38;2;113;60;32;48;2;86;42;20mV[38;2;111;54;25;48;2;68;29;11m~[38;2;184;148;131;48;2;102;67;54m~[38;2;198;159;140;48;2;211;173;156mm[38;2;220;185;169;48;2;202;162;143m_[38;2;214;181;166;48;2;198;158;141m_[38;2;199;160;143;48;2;213;177;160m_[38;2;219;185;170;48;2;182;143;126m~[38;2;183;142;126;48;2;167;126;110m7[38;2;142;101;86;48;2;171;131;115mg[38;2;187;149;135;48;2;171;131;116mu[38;2;181;143;129;48;2;168;129;115m=[38;2;152;113;100;48;2;159;120;107mW[38;2;148;110;97;48;2;161;123;110m][38;2;147;108;96;48;2;158;121;108m_[38;2;174;136;124;48;2;151;113;101m'[38;2;138;100;88;48;2;152;114;102m,[38;2;153;116;104;48;2;156;119;107m=[38;2;156;118;107;48;2;159;122;111mW[38;2;130;95;86;48;2;148;111;100m`[38;2;138;101;90;48;2;153;115;104m~[38;2;157;119;108;48;2;150;111;100mf[38;2;162;124;113;48;2;155;117;106m9[38;2;149;110;99;48;2;154;116;105m-[38;2;155;117;107;48;2;159;122;112mm[38;2;152;114;105;48;2;162;124;115m.[38;2;149;111;102;48;2;159;122;113m`[38;2;160;124;117;48;2;156;120;113m+[38;2;153;118;111;48;2;155;119;113mn[38;2;153;118;114;48;2;154;120;115my[38;2;151;116;112;48;2;153;119;115mY[38;2;171;140;139;48;2;144;115;114m'[38;2;98;80;83;48;2;33;28;29m~[48;2;0;0;0m                     [0m
[7m[38;2;0;0;0m [0m[38;2;0;0;0;48;2;0;0;0m          [48;2;10;10;10m`[38;2;14;13;12;48;2;129;123;120m~[38;2;165;142;132;48;2;222;213;209m`[38;2;227;220;217;48;2;122;91;78m~[38;2;99;55;34;48;2;45;23;14m~[38;2;82;36;18;48;2;18;9;5m~[38;2;66;25;11;48;2;9;5;3m`[38;2;9;8;8;48;2;3;1;1mr[38;2;0;0;0;48;2;6;7;7m`[38;2;215;235;240;48;2;89;84;75m_[38;2;201;146;110;48;2;177;118;84mW[38;2;152;93;59;48;2;127;70;41mi[38;2;78;34;14;48;2;54;20;8mr[38;2;30;6;1;48;2;41;12;3m`[38;2;61;24;7mf[38;2;98;40;14;48;2;61;21;7m=[38;2;114;55;23;48;2;48;15;5m`[38;2;65;23;5;48;2;67;34;22m`[38;2;217;185;168;48;2;115;85;73m~[38;2;164;126;111;48;2;200;165;149m_[38;2;214;179;163;48;2;178;138;122m~[38;2;175;132;114;48;2;158;119;103m`[38;2;152;112;97;48;2;168;128;113mv[38;2;156;117;103;48;2;148;109;95mM[38;2;146;108;94;48;2;158;119;105mL[38;2;164;126;113;48;2;149;111;97m4[38;2;166;128;115;48;2;154;116;102mv[38;2;168;129;116;48;2;153;114;101m~[38;2;149;110;98;48;2;157;118;105m![38;2;162;125;112;48;2;153;115;102m[[38;2;144;104;92;48;2;154;116;103m![38;2;145;108;95;48;2;152;114;102m4[38;2;159;122;110;48;2;154;116;104mY[38;2;159;121;108;48;2;150;112;100m_[38;2;151;112;101;48;2;159;121;109m`[38;2;175;136;125;48;2;162;123;111m`[38;2;151;112;101;48;2;158;120;108m~[38;2;153;115;103;48;2;159;120;109m)[38;2;152;113;103;48;2;156;117;106mY[38;2;151;112;101;48;2;157;119;108m~[38;2;152;115;105;48;2;159;121;112m*[38;2;155;120;111;48;2;159;123;114m_[38;2;151;117;110;48;2;156;121;114m_[38;2;146;113;107;48;2;151;116;111m_[38;2;151;116;111;48;2;138;106;101m'[38;2;32;25;24;48;2;109;84;83my[38;2;110;96;95;48;2;18;15;15m`[48;2;0;0;0m                      [0m
[7m[38;2;0;0;0m [0m[38;2;0;0;0;48;2;0;0;0m          [38;2;118;116;116;48;2;63;60;58mf[38;2;194;186;182;48;2;217;210;206m~[38;2;171;154;146;48;2;121;93;80m~[38;2;37;13;5;48;2;18;11;7m`[38;2;58;48;45;48;2;8;6;6m_[38;2;73;67;61;48;2;28;24;22m-[38;2;91;83;77;48;2;36;32;29ms[38;2;82;75;72;48;2;50;46;43mc[38;2;107;107;105;48;2;87;82;79m^[38;2;224;224;220;48;2;92;84;79m~[38;2;163;110;78;48;2;128;85;61m\[38;2;112;57;32;48;2;88;45;23m_[38;2;63;27;11;48;2;87;42;20my[38;2;62;24;8;48;2;53;18;6m_[38;2;53;19;7;48;2;40;12;4mj[38;2;65;20;6;48;2;49;16;5m'[38;2;63;22;8;48;2;55;18;6m_[38;2;81;30;10;48;2;59;22;8m.[38;2;7;0;0;48;2;67;34;21m.[38;2;47;27;22;48;2;104;73;62my[38;2;99;68;56;48;2;129;91;78m,[38;2;158;117;101;48;2;133;94;80m*[38;2;160;123;108;48;2;141;103;89m~[38;2;149;110;97;48;2;136;97;84m"[38;2;150;109;94;48;2;138;99;85m_[38;2;158;118;104;48;2;144;104;90m=[38;2;151;110;97;48;2;156;116;102m~[38;2;162;120;106;48;2;149;109;96m_[38;2;161;119;105;48;2;154;114;100my[38;2;166;125;112;48;2;156;116;103my[38;2;149;109;95m?[38;2;155;116;103;48;2;160;121;108m^[38;2;160;121;108;48;2;165;126;113m*[38;2;164;124;111;48;2;161;121;108mW[38;2;147;111;98;48;2;161;122;109m_[38;2;124;93;83;48;2;160;121;110m_[38;2;108;80;72;48;2;158;119;107m_[38;2;105;76;70;48;2;159;122;111m_[38;2;88;63;61;48;2;150;114;104m_[38;2;107;80;78;48;2;147;111;103m_[38;2;120;92;90;48;2;145;112;104m_[38;2;120;91;88;48;2;140;108;101my[38;2;144;110;104;48;2;120;91;86m`[38;2;142;107;101;48;2;67;39;32m~[38;2;109;60;38;48;2;47;24;16m=[38;2;135;85;60;48;2;23;14;10m_[48;2;0;0;0m                       [0m
[7m[38;2;0;0;0m [0m[38;2;0;0;0;48;2;0;0;0m         [38;2;1;1;1mJ[38;2;110;107;106;48;2;77;73;72m$[38;2;168;156;148;48;2;208;201;197mW[38;2;28;4;0;48;2;53;40;35m:[38;2;71;63;61;48;2;38;33;31mz[38;2;83;69;63;48;2;55;46;42mT[38;2;69;58;54;48;2;43;36;33mF[38;2;39;32;28;48;2;17;15;12m~[38;2;35;30;26;48;2;15;12;10m`[38;2;25;20;17;48;2;13;11;9m~[38;2;23;18;15;48;2;11;9;7m~[38;2;7;5;5;48;2;63;39;25m:[38;2;186;111;70;48;2;162;93;57my[38;2;54;21;11;48;2;123;63;35m`[38;2;106;46;17;48;2;69;27;11m_[38;2;99;40;14;48;2;57;20;7m_[38;2;69;28;11;48;2;59;21;8m>[38;2;67;27;11;48;2;40;13;4m.[38;2;78;29;10;48;2;38;10;3m`[38;2;11;1;0;48;2;24;5;1m'[38;2;22;4;1;48;2;15;2;0m`[38;2;117;80;66;48;2;29;13;10m`[38;2;109;73;60;48;2;42;24;19m~[38;2;45;25;20;48;2;91;61;52my[38;2;89;57;46;48;2;126;89;76m_[38;2;84;54;44;48;2;136;98;85m_[38;2;92;61;50;48;2;151;110;96m_[38;2;79;52;43;48;2;143;104;90m_[38;2;68;41;32;48;2;145;106;93m_[38;2;111;79;67;48;2;145;107;94my[38;2;108;76;64;48;2;137;101;88my[38;2;161;120;106;48;2;116;83;72m~[38;2;83;55;47;48;2;119;86;74ms[38;2;149;111;98;48;2;102;71;62m~[38;2;104;73;65;48;2;121;88;78mF[38;2;99;70;62;48;2;118;85;77mF[38;2;103;73;65;48;2;126;92;84m~[38;2;134;99;91;48;2;110;79;71my[38;2;97;70;65;48;2;120;88;82m~[38;2;105;79;76;48;2;128;96;93m~[38;2;108;80;79;48;2;122;92;89m~[38;2;123;92;90;48;2;125;95;93mL[38;2;121;91;89;48;2;119;88;86mF[38;2;125;94;90;48;2;122;91;88m:[38;2;105;75;71;48;2;64;41;37my[38;2;47;15;5;48;2;33;9;3m:[38;2;73;39;21;48;2;49;18;9m`[38;2;99;56;38;48;2;70;36;22m?[38;2;118;73;53;48;2;40;23;16my[38;2;0;0;0;48;2;5;3;2m:[48;2;0;0;0m                    [0m
[7m[38;2;0;0;0m [0m[38;2;0;0;0;48;2;0;0;0m          [38;2;163;155;152;48;2;31;28;27m'[38;2;223;208;198;48;2;171;160;154m:[38;2;17;6;4;48;2;37;24;19m`[38;2;29;23;21;48;2;24;20;18m'[38;2;28;23;21;48;2;44;37;34mp[38;2;35;28;25;48;2;25;20;18mL[38;2;11;9;8;48;2;9;8;6mr[38;2;9;7;6;48;2;8;6;5mF[38;2;8;6;5;48;2;6;5;4m"[38;2;7;5;4;48;2;4;3;2m`[38;2;77;47;29;48;2;148;88;55mF[38;2;207;124;79;48;2;193;112;70mz[38;2;107;48;21;48;2;152;79;44my[38;2;138;66;33;48;2;108;47;19m~[38;2;91;36;11;48;2;79;28;7mF[38;2;58;16;3;48;2;66;21;5m'[38;2;31;5;1;48;2;68;23;6m`[38;2;78;29;9;48;2;58;19;6ma[38;2;74;36;18;48;2;49;16;6m,[38;2;75;29;8;48;2;29;7;2m_[38;2;44;11;4;48;2;26;6;2m;[38;2;30;6;1;48;2;17;2;0m_[38;2;22;4;1;48;2;52;25;19m.[38;2;158;119;104;48;2;125;88;74m_[38;2;191;150;134;48;2;132;94;79m_[38;2;148;105;90;48;2;123;85;72mg[38;2;149;106;91;48;2;111;75;63m_[38;2;164;120;104;48;2;113;78;66m_[38;2;114;80;70;48;2;143;104;90m~[38;2;163;123;107;48;2;136;98;85my[38;2;158;118;103mg[38;2;155;114;100;48;2;140;101;88mj[38;2;147;106;93;48;2;138;99;86mL[38;2;134;96;85;48;2;147;109;97m~[38;2;131;95;83;48;2;139;102;91mL[38;2;141;104;94;48;2;147;110;98mT[38;2;134;96;86;48;2;149;111;101m|[38;2;125;89;80;48;2;138;100;91mF[38;2;140;104;95;48;2;146;109;101mJ[38;2;154;117;109;48;2;141;106;100m_[38;2;132;99;94;48;2;137;103;97m~[38;2;127;94;89m~[38;2;137;104;99;48;2;131;98;94m*[38;2;127;94;89;48;2;131;98;93mF[38;2;131;99;93;48;2;81;54;49mL[38;2;15;3;0;48;2;40;13;5m'[38;2;36;9;2;48;2;42;12;3m=[38;2;105;58;38;48;2;67;28;13m`[38;2;140;82;57;48;2;112;67;48mh[38;2;174;115;92;48;2;69;46;37my[38;2;82;57;48;48;2;12;8;7m,[48;2;0;0;0m                  [0m
[7m[38;2;0;0;0m [0m[38;2;0;0;0;48;2;0;0;0m          [38;2;26;25;25;48;2;12;11;10m1[38;2;56;49;46;48;2;140;130;124mL[38;2;35;19;12;48;2;71;57;51m:[38;2;8;7;6;48;2;17;14;13mL[38;2;42;36;33;48;2;28;23;20m][38;2;35;29;25;48;2;27;22;19m%[38;2;10;9;7;48;2;9;7;6m.[38;2;7;5;5;48;2;5;4;3m^[38;2;3;3;1;48;2;4;3;2m`[38;2;109;63;40;48;2;49;30;19my[38;2;202;121;76;48;2;209;129;83m^[38;2;166;91;54;48;2;148;76;43m^[38;2;143;71;39;48;2;120;55;25m*[38;2;109;44;15;48;2;96;37;13m+[38;2;121;52;23;48;2;95;36;11m=[38;2;93;35;10;48;2;76;24;6m7[38;2;42;10;1;48;2;77;26;7m=[38;2;97;39;13;48;2;62;19;5m_[38;2;81;31;11;48;2;60;20;6mr[38;2;83;33;11m\[38;2;64;21;5;48;2;47;14;3my[38;2;42;10;2;48;2;57;17;4m~[38;2;76;33;14;48;2;61;23;8mJ[38;2;113;75;61;48;2;153;113;96mL[38;2;196;150;131;48;2;213;170;151mf[38;2;172;127;109;48;2;216;175;156m`[38;2;183;137;119;48;2;204;160;142m~[38;2;210;166;147;48;2;183;139;121my[38;2;212;170;151;48;2;195;151;133ml[38;2;214;172;153;48;2;191;147;129m_[38;2;168;125;109;48;2;184;141;124mF[38;2;195;153;136;48;2;173;130;115my[38;2;145;104;90;48;2;181;138;123m~[38;2;183;142;127;48;2;173;132;117mz[38;2;181;138;123;48;2;162;121;108my[38;2;184;142;126;48;2;156;116;103m_[38;2;175;135;121;48;2;155;115;102m_[38;2;179;138;123;48;2;152;113;101m_[38;2;178;137;123;48;2;154;114;103m_[38;2;154;115;105;48;2;162;123;113mM[38;2;171;134;123;48;2;150;114;105my[38;2;187;149;136;48;2;156;120;111m_[38;2;183;144;133;48;2;155;119;110m_[38;2;173;134;124;48;2;148;112;104m_[38;2;170;132;122;48;2;156;119;111m_[38;2;63;33;26;48;2;138;103;93m~[38;2;13;2;1;48;2;31;13;9m:[38;2;43;11;2;48;2;30;8;2m~[38;2;65;24;8;48;2;54;20;7m=[38;2;154;93;69;48;2;106;57;37m~[38;2;132;70;43;48;2;168;109;83m_[38;2;15;11;10;48;2;142;97;78m~[38;2;227;159;126;48;2;41;29;24m_[38;2;0;0;0;48;2;5;4;3m`[48;2;0;0;0m               [0m
[7m[38;2;0;0;0m [0m[38;2;0;0;0;48;2;0;0;0m          [38;2;1;0;0;48;2;14;13;13m:[38;2;2;2;2;48;2;63;56;52m:[38;2;199;191;186;48;2;124;110;104mL[38;2;0;0;0;48;2;15;13;12m:[38;2;10;9;7;48;2;30;25;23m'[38;2;43;38;34;48;2;32;27;24m([38;2;7;6;6;48;2;10;9;7m:[38;2;4;3;3;48;2;3;2;2m`[38;2;3;1;1;48;2;4;3;1m'[38;2;113;63;39;48;2;174;108;68m~[38;2;208;127;78;48;2;178;104;63mF[38;2;174;96;57;48;2;155;81;45mK[38;2;105;46;18;48;2;127;60;29m4[38;2;108;47;19;48;2;93;39;15ms[38;2;131;63;32;48;2;96;40;16m_[38;2;113;49;20;48;2;93;36;12mx[38;2;94;35;10;48;2;82;29;8m_[38;2;72;25;8;48;2;85;32;9my[38;2;91;35;10;48;2;72;24;7mR[38;2;32;7;2;48;2;63;21;6m`[38;2;79;35;14;48;2;66;23;8mi[38;2;85;34;12;48;2;74;27;9mC[38;2;45;12;4;48;2;67;24;7m_[38;2;92;42;19;48;2;65;26;11m`[38;2;93;47;28;48;2;155;111;90mg[38;2;243;211;195;48;2;213;172;152m`[38;2;222;178;157;48;2;228;188;168mu[38;2;236;197;179;48;2;232;192;173md[38;2;209;162;142;48;2;230;189;171m`[38;2;214;169;151;48;2;227;186;167m`[38;2;214;171;153;48;2;226;187;170m~[38;2;210;166;148;48;2;214;172;154m![38;2;206;163;147;48;2;217;175;157m~[38;2;199;156;139;48;2;218;178;161m^[38;2;225;188;173;48;2;214;173;156my[38;2;190;146;129;48;2;209;168;152m^[38;2;196;155;140;48;2;207;166;150m~[38;2;217;179;163;48;2;201;160;144m,[38;2;197;155;141;48;2;202;161;145m~[38;2;183;143;129;48;2;203;162;147m`[38;2;185;145;131;48;2;201;161;148m~[38;2;180;139;125;48;2;192;153;139m*[38;2;180;142;130;48;2;189;150;137m^[38;2;182;143;132;48;2;197;158;146m~[38;2;176;139;129;48;2;197;158;147m~[38;2;211;172;160;48;2;196;157;146m_[38;2;70;47;39;48;2;153;118;108m`[38;2;18;4;1;48;2;31;14;10m'[38;2;48;15;4;48;2;39;11;3m"[38;2;91;43;20;48;2;75;32;14mH[38;2;101;50;26;48;2;129;70;42mF[38;2;126;71;46;48;2;170;103;72m_[38;2;121;68;44;48;2;201;130;97m_[38;2;112;86;74;48;2;188;125;97m`[38;2;7;4;4;48;2;157;106;84m~[38;2;172;122;97;48;2;75;51;41mw[38;2;168;134;119;48;2;25;20;17m_[48;2;0;0;0m            [0m
[7m[38;2;0;0;0m [0m[38;2;0;0;0;48;2;0;0;0m          [48;2;2;1;1m:[38;2;40;39;38;48;2;23;21;20m[[38;2;146;135;131;48;2;179;168;162mW[38;2;46;39;37;48;2;22;19;18mL[38;2;23;19;17;48;2;19;16;15m.[38;2;50;44;41;48;2;31;26;24m`[38;2;15;11;10;48;2;10;8;7m.[38;2;3;2;1;48;2;2;2;1m.[38;2;2;2;1;48;2;47;28;18m`[38;2;208;133;86;48;2;187;114;73mF[38;2;169;96;60;48;2;180;104;65m1[38;2;140;70;38;48;2;157;84;47m1[38;2;110;53;26;48;2;136;68;37m4[38;2;108;49;22;48;2;155;82;48m~[38;2;166;89;50;48;2;144;74;42mz[38;2;139;69;35;48;2;110;49;21m^[38;2;153;84;49;48;2;90;36;14m,[38;2;68;23;7;48;2;88;35;13mP[38;2;78;31;12;48;2;55;18;6m=[38;2;27;6;1;48;2;67;25;9m-[38;2;123;63;33;48;2;74;31;13m_[38;2;55;20;6;48;2;74;31;12mP[38;2;54;16;5;48;2;73;28;11m"[38;2;49;18;6;48;2;79;31;12my[38;2;65;24;9;48;2;84;35;14mt[38;2;74;35;19;48;2;178;138;119m_[38;2;235;197;179;48;2;228;189;170m`[38;2;227;183;162;48;2;234;196;178m"[38;2;222;176;155;48;2;228;186;167m}[38;2;221;175;154;48;2;228;188;169mF[38;2;232;192;175;48;2;237;202;186mM[38;2;220;178;159;48;2;233;196;180m~[38;2;247;222;209;48;2;229;191;173m_[38;2;234;200;185;48;2;225;186;169my[38;2;234;200;184;48;2;228;189;173my[38;2;221;181;164;48;2;232;195;179m"[38;2;219;178;161;48;2;230;194;178mf[38;2;219;178;162;48;2;228;192;176mT[38;2;228;189;174;48;2;220;180;164m-[38;2;218;179;164;48;2;228;190;176m~[38;2;209;169;154;48;2;224;186;172m~[38;2;211;170;156;48;2;222;184;170m~[38;2;231;198;183;48;2;217;178;164m_[38;2;225;190;176;48;2;212;173;159m_[38;2;230;195;182;48;2;214;176;162m_[38;2;210;170;155;48;2;216;178;165m-[38;2;205;167;154;48;2;210;171;158m"[38;2;77;50;42;48;2;138;106;95m~[38;2;72;29;10;48;2;55;22;9m~[38;2;86;38;15;48;2;63;25;9mT[38;2;95;52;30;48;2;70;30;13m`[38;2;112;56;30;48;2;84;41;23m=[38;2;78;40;22;48;2;119;64;39m`[38;2;224;179;161;48;2;170;116;93my[38;2;146;96;73;48;2;229;195;180m~[38;2;157;108;89;48;2;241;214;204m`[38;2;213;164;148;48;2;244;219;210m~[38;2;23;18;16;48;2;164;153;150m~[38;2;218;211;210;48;2;32;31;31m_[38;2;0;0;0;48;2;1;1;1m:[48;2;0;0;0m         [0m
[7m[38;2;0;0;0m [0m[38;2;0;0;0;48;2;0;0;0m           [38;2;63;61;60;48;2;25;24;24m1[38;2;70;65;62;48;2;154;146;139mL[38;2;113;88;73;48;2;67;56;50m([38;2;6;5;5;48;2;15;13;12mL[38;2;46;42;39;48;2;26;22;20mt[38;2;24;18;15;48;2;12;10;8m,[38;2;3;2;2;48;2;2;2;1m~[38;2;55;32;19;48;2;124;74;47mF[38;2;175;102;64;48;2;209;128;83m"[38;2;165;96;62;48;2;179;105;67mi[38;2;153;81;48;48;2;146;76;45mg[38;2;154;82;47;48;2;144;75;43m"[38;2;119;58;29;48;2;162;89;52m_[38;2;146;76;43;48;2;116;56;28m~[38;2;95;39;14;48;2;110;51;23m_[38;2;119;57;28;48;2;105;47;21m~[38;2;99;44;19;48;2;90;39;16m-[38;2;86;38;17;48;2;64;24;10mg[38;2;103;53;29;48;2;61;24;10m,[38;2;104;46;21;48;2;54;20;8m~[38;2;71;31;13;48;2;39;14;6m`[38;2;40;13;5;48;2;89;41;18m_[38;2;76;35;16;48;2;60;25;11mk[38;2;89;38;17;48;2;78;34;15m|[38;2;105;52;27;48;2;89;42;19mD[38;2;237;199;181;48;2;200;160;141m:[38;2;213;165;143;48;2;230;193;175mL[38;2;223;181;161;48;2;241;210;194m`[38;2;232;191;172;48;2;241;208;192m\[38;2;231;191;172;48;2;241;207;191m?[38;2;234;198;181;48;2;242;210;195m+[38;2;238;201;183;48;2;242;211;196m_[38;2;235;199;181;48;2;241;209;193m_[38;2;237;202;186;48;2;241;208;192m~[38;2;235;197;180;48;2;242;210;195m`[38;2;242;211;197;48;2;239;205;190mF[38;2;234;197;181;48;2;240;209;195m/[38;2;236;201;187;48;2;242;213;199m~[38;2;235;198;182;48;2;237;204;189my[38;2;230;190;174;48;2;236;203;188m=[38;2;234;198;182;48;2;235;203;188mv[38;2;222;184;169;48;2;231;199;185m'[38;2;221;182;167;48;2;229;196;182my[38;2;226;189;175;48;2;229;194;180mF[38;2;224;187;173;48;2;225;189;175m'[38;2;231;197;184;48;2;223;186;172my[38;2;228;192;177;48;2;214;176;161m:[38;2;171;133;120;48;2;75;49;41m_[38;2;56;22;8;48;2;45;16;6mF[38;2;80;34;13;48;2;63;24;9m7[38;2;134;65;37;48;2;74;33;16m`[38;2;88;41;21;48;2;203;151;130m'[38;2;252;215;198;48;2;249;206;189m'[38;2;248;202;186;48;2;250;209;193m_[38;2;251;209;192;48;2;251;211;196my[38;2;250;205;189;48;2;250;209;194mp[38;2;251;216;205;48;2;249;207;193m~[38;2;249;231;227;48;2;245;207;198m"[38;2;58;56;57;48;2;180;159;156m~[38;2;0;0;0;48;2;19;18;19m`[48;2;0;0;0m        [0m
[7m[38;2;0;0;0m [0m[38;2;0;0;0;48;2;0;0;0m           [38;2;47;46;46;48;2;26;26;25m4[38;2;11;8;6;48;2;81;73;68m:[38;2;104;86;77;48;2;161;146;137m"[38;2;1;0;0;48;2;9;7;6m:[38;2;52;48;44;48;2;34;29;26m`[38;2;10;8;7;48;2;16;13;12m`[38;2;3;2;1;48;2;2;1;1m-[38;2;92;58;38;48;2;156;99;65mL[38;2;165;96;59;48;2;199;124;82m_[38;2;183;108;68;48;2;166;94;59m\[38;2;125;63;34;48;2;142;75;43mv[38;2;142;73;39;48;2;117;59;31m:[38;2;96;44;20;48;2;113;54;27mP[38;2;135;68;36;48;2;116;55;27ms[38;2;89;40;18;48;2;106;50;25m9[38;2;130;67;38;48;2;92;41;19m_[38;2;91;42;20;48;2;109;53;28mg[38;2;143;72;41;48;2;108;51;27m=[38;2;87;41;21;48;2;72;30;14mL[38;2;19;4;1;48;2;13;3;1m~[38;2;3;0;0;48;2;9;2;1m:[38;2;70;31;16;48;2;32;11;4m_[38;2;100;46;22;48;2;64;27;12m>[38;2;124;60;30;48;2;97;45;22mw[38;2;77;33;15;48;2;99;46;23my[38;2;173;125;103;48;2;207;168;150mL[38;2;233;193;174;48;2;241;209;193mf[38;2;242;207;191;48;2;246;217;201m=[38;2;239;202;185;48;2;244;216;201m=[38;2;226;179;158;48;2;242;209;193m,[38;2;234;193;174;48;2;244;212;197m*[38;2;248;222;209;48;2;241;206;190m=[38;2;243;214;198;48;2;240;206;189mZ[38;2;236;195;176;48;2;240;205;188mr[38;2;236;200;183;48;2;243;211;196m~[38;2;241;208;192;48;2;243;215;201mY[38;2;226;183;164;48;2;241;210;196m_[38;2;245;218;204m`[38;2;221;176;158;48;2;236;202;188m=[38;2;240;211;198;48;2;238;207;192me[38;2;229;190;173;48;2;237;205;190m=[38;2;225;186;170;48;2;233;200;185m~[38;2;239;208;196;48;2;233;200;186mK[38;2;236;206;193;48;2;233;201;187mm[38;2;228;194;180;48;2;233;200;187m][38;2;232;199;185;48;2;234;202;189mG[38;2;229;193;179;48;2;231;197;183my[38;2;204;161;145;48;2;219;181;166m`[38;2;214;175;160;48;2;85;60;52m_[38;2;64;24;10;48;2;33;10;4m`[38;2;114;70;54;48;2;89;51;38m4[38;2;208;151;130;48;2;223;166;144my[38;2;232;177;158;48;2;241;191;172mL[38;2;236;184;166;48;2;247;203;186m_[38;2;185;122;106;48;2;235;182;165m_[38;2;240;190;173;48;2;245;197;181m,[38;2;244;196;182;48;2;247;201;187mW[38;2;247;205;192;48;2;246;200;186mu[38;2;236;188;179;48;2;241;199;190m~[38;2;75;72;73;48;2;152;132;133m`[48;2;0;0;0m        [0m
[7m[38;2;0;0;0m [0m[38;2;0;0;0;48;2;0;0;0m          [48;2;1;1;1m:[38;2;196;188;187;48;2;34;32;32m_[38;2;168;157;153;48;2;60;55;54m_[38;2;159;148;141;48;2;200;189;181mM[38;2;5;0;0;48;2;37;30;27m:[38;2;30;25;23;48;2;24;20;18m:[38;2;42;36;32;48;2;23;19;17m,[38;2;1;1;0;48;2;2;1;0m`[38;2;202;123;77;48;2;165;102;66m:[38;2;166;94;57;48;2;188;111;70m~[38;2;169;95;57;48;2;147;80;47mP[38;2;146;75;42;48;2;118;59;32m`[38;2;105;49;25;48;2;123;62;34m=[38;2;152;83;51;48;2;132;68;38mv[38;2;150;80;48;48;2;120;59;32m_[38;2;106;49;23;48;2;94;43;21m,[38;2;124;62;34;48;2;105;51;26m>[38;2;118;62;36;48;2;103;50;26mq[38;2;71;30;13;48;2;100;49;26mu[38;2;109;60;35;48;2;80;35;16m<[38;2;0;0;0;48;2;10;2;1m:[38;2;43;13;6;48;2;25;7;2m`[38;2;45;16;7;48;2;74;29;12m~[38;2;134;70;41;48;2;102;47;23m_[38;2;75;34;15;48;2;106;51;26m/[38;2;130;69;42;48;2;106;51;27my[38;2;214;183;168;48;2;150;105;84m~[38;2;225;181;161;48;2;231;193;174mk[38;2;234;199;182;48;2;228;188;169mM[38;2;249;224;210;48;2;233;193;174m_[38;2;221;171;148;48;2;243;212;196m'[38;2;242;210;195;48;2;245;217;203my[38;2;232;189;170;48;2;241;206;190m_[38;2;236;197;179;48;2;240;204;188ma[38;2;241;209;193;48;2;244;215;200mr[38;2;247;222;209;48;2;244;213;198mL[38;2;238;204;188;48;2;246;221;209m_[38;2;244;214;200;48;2;237;204;189mF[38;2;243;217;204my[38;2;230;190;174;48;2;239;208;193m`[38;2;229;190;173;48;2;237;205;190m=[38;2;226;186;170;48;2;237;205;192m`[38;2;224;188;173;48;2;235;204;191m=[38;2;219;182;167;48;2;227;194;180mC[38;2;226;193;179;48;2;219;182;168mw[38;2;219;183;170;48;2;214;177;163mv[38;2;203;164;149;48;2;217;181;167my[38;2;209;169;153;48;2;222;185;170mL[38;2;226;189;173;48;2;228;192;176m4[38;2;223;187;173;48;2;198;159;145m:[38;2;100;77;68;48;2;34;20;17m,[38;2;67;42;35;48;2;39;20;16m"[38;2;84;45;35;48;2;148;102;87m_[38;2;108;66;54;48;2;185;132;114m_[38;2;230;176;157;48;2;168;116;101m~[38;2;113;71;60;48;2;174;124;110my[38;2;195;140;126;48;2;219;169;154mz[38;2;172;123;112;48;2;208;158;145my[38;2;231;179;165;48;2;188;137;127m~[38;2;226;180;167;48;2;178;130;123m~[38;2;206;165;174;48;2;169;143;147m:[38;2;0;0;0;48;2;4;3;4m`[48;2;0;0;0m       [0m
[7m[38;2;0;0;0m [0m[38;2;0;0;0;48;2;0;0;0m          [48;2;19;19;19m:[38;2;50;48;46;48;2;117;112;110my[38;2;3;2;2;48;2;151;143;138m_[38;2;116;108;101;48;2;184;175;168m_[38;2;177;167;159;48;2;108;100;95m*[38;2;149;138;129;48;2;63;56;51mL[38;2;165;158;151;48;2;35;31;28m_[38;2;2;1;0;48;2;21;13;9m`[38;2;151;83;47;48;2;182;110;70mi[38;2;227;149;102;48;2;190;115;74m:[38;2;149;85;53;48;2;121;63;36m*[38;2;113;55;30;48;2;97;47;23m_[38;2;100;49;24;48;2;112;55;29mJ[38;2;110;53;28;48;2;142;75;45my[38;2;160;88;53;48;2;130;66;38m_[38;2;138;73;44;48;2;118;59;32m_[38;2;122;62;35;48;2;102;50;25mL[38;2;115;58;32;48;2;103;51;26mI[38;2;92;44;21;48;2;106;53;28mP[38;2;95;46;23;48;2;68;29;14mg[38;2;1;0;0;48;2;16;5;2m:[38;2;48;17;6;48;2;37;11;4mg[38;2;47;16;7;48;2;68;27;11ma[38;2;126;62;35;48;2;85;37;17m*[38;2;92;42;18;48;2;107;51;25mV[38;2;125;62;32;48;2;95;45;21mr[38;2;183;142;123;48;2;144;99;78m4[38;2;176;127;105;48;2;227;189;171m,[38;2;231;189;169;48;2;237;205;188m`[38;2;227;188;169;48;2;241;213;197mi[38;2;217;173;153;48;2;236;204;187my[38;2;229;191;172;48;2;224;181;161m=[38;2;214;163;143;48;2;236;202;185m`[38;2;239;203;186;48;2;242;212;198m)[38;2;241;207;192;48;2;243;212;198m\[38;2;227;186;167;48;2;239;207;191m_[38;2;231;187;167;48;2;237;201;185m`[38;2;212;167;147;48;2;235;199;184m_[38;2;237;200;183;48;2;243;213;199mT[38;2;230;194;177;48;2;240;211;196m~[38;2;225;187;170;48;2;234;199;183m_[38;2;228;191;174;48;2;237;205;191mw[38;2;222;181;165;48;2;236;206;193m_[38;2;221;184;170;48;2;229;195;182mw[38;2;207;165;150;48;2;223;188;174m"[38;2;225;192;180;48;2;216;180;166mw[38;2;222;186;172;48;2;219;182;168m>[38;2;225;190;175;48;2;233;202;189m~[38;2;237;208;196;48;2;232;200;187mu[38;2;228;195;182;48;2;221;185;171m+[38;2;94;70;62;48;2;170;138;126m"[38;2;82;41;29;48;2;16;10;8m_[38;2;77;44;34;48;2;14;8;7m`[38;2;19;11;10;48;2;60;34;27my[38;2;6;7;8;48;2;78;45;37m_[38;2;61;27;17;48;2;77;43;34m`[38;2;162;113;102;48;2;118;75;67m~[38;2;110;70;66;48;2;131;87;80my[38;2;121;81;78;48;2;131;88;85ma[38;2;139;95;93;48;2;130;91;90m`[38;2;170;151;156;48;2;91;83;87mF[38;2;0;0;0;48;2;1;1;1m:[48;2;0;0;0m       [0m
[7m[38;2;0;0;0m [0m[38;2;0;0;0;48;2;0;0;0m           [38;2;20;19;19;48;2;2;2;2m`[38;2;60;56;54;48;2;22;20;20m\[38;2;136;129;124;48;2;34;30;29m_[38;2;194;178;169;48;2;51;46;44m`[38;2;198;190;184;48;2;53;49;46m~[38;2;146;139;136;48;2;86;81;79m=[38;2;180;172;168;48;2;95;88;84mR[38;2;210;205;203;48;2;137;117;107mz[38;2;183;116;78;48;2;156;97;66m'[38;2;123;67;40;48;2;102;51;27my[38;2;152;83;51;48;2;138;72;42ms[38;2;149;82;49;48;2;126;64;37m:[38;2;135;73;42;48;2;106;53;28mj[38;2;102;48;25;48;2;130;69;41m<[38;2;156;98;79;48;2;108;55;32m_[38;2;121;66;45;48;2;99;48;26m_[38;2;180;129;109;48;2;119;61;37m_[38;2;147;93;73;48;2;102;50;28m_[38;2;141;74;42;48;2;110;56;32m=[38;2;114;59;32;48;2;79;38;21mg[38;2;55;20;8;48;2;42;14;5m7[38;2;83;39;18;48;2;64;26;11mf[38;2;105;52;29;48;2;74;32;14m~[38;2;114;56;30;48;2;76;32;14m~[38;2;137;73;40;48;2;63;28;12m~[38;2;43;13;4;48;2;85;45;28m:[38;2;187;149;132;48;2;157;118;101m?[38;2;128;87;70;48;2;206;166;148m_[38;2;201;160;141;48;2;222;186;169m_[38;2;218;176;156;48;2;210;164;143m-[38;2;231;190;171;48;2;236;204;187m~[38;2;226;182;161;48;2;237;202;185m~[38;2;223;180;161;48;2;231;192;175mb[38;2;227;185;167;48;2;231;191;173mM[38;2;233;196;177;48;2;236;200;183mM[38;2;225;180;160;48;2;234;199;182m=[38;2;232;195;178;48;2;236;204;189m~[38;2;219;179;162;48;2;231;197;181m,[38;2;235;201;185;48;2;227;190;173m~[38;2;209;168;150;48;2;224;187;171m_[38;2;233;199;186;48;2;221;183;168m~[38;2;213;171;154;48;2;222;185;169m][38;2;233;203;190;48;2;221;185;170m=[38;2;224;188;173;48;2;231;198;184mp[38;2;214;175;160;48;2;225;191;177m=[38;2;211;172;157;48;2;226;192;179m~[38;2;219;185;171;48;2;226;195;182m4[38;2;207;169;156;48;2;224;191;178m_[38;2;217;181;168;48;2;223;189;177m=[38;2;207;167;154;48;2;222;188;175m`[38;2;126;94;83;48;2;91;61;53mL[38;2;140;84;69;48;2;60;33;27m\[38;2;57;39;34;48;2;13;9;8m,[48;2;0;0;0m [38;2;6;6;6;48;2;1;0;1m`[38;2;48;30;26;48;2;6;3;3m`[38;2;104;66;63;48;2;15;10;10m`[38;2;112;77;73;48;2;24;12;10m`[38;2;14;4;1;48;2;69;41;33m`[38;2;209;203;202;48;2;114;106;106m,[38;2;106;126;137;48;2;30;34;38m,[48;2;0;0;0m       [0m
[7m[38;2;0;0;0m [0m[38;2;0;0;0;48;2;0;0;0m          [48;2;2;5;5m`[48;2;0;1;1m:[38;2;56;54;53;48;2;32;31;30m4[38;2;47;42;39;48;2;118;113;110m[[38;2;21;11;7;48;2;36;28;24m:[38;2;13;11;10;48;2;8;7;6m4[38;2;8;7;6;48;2;16;13;12m'[38;2;3;2;2;48;2;11;6;4m:[38;2;4;3;3;48;2;47;23;11m~[38;2;52;29;18;48;2;88;49;29mK[38;2;143;80;47;48;2;117;62;34mw[38;2;122;85;71;48;2;118;65;40m_[38;2;235;195;180;48;2;164;111;88m_[38;2;124;68;45;48;2;206;163;145m~[38;2;181;125;103;48;2;235;198;181m~[38;2;226;174;156;48;2;245;212;198m~[38;2;170;113;90;48;2;241;207;193m`[38;2;233;193;178;48;2;244;210;195m`[38;2;196;143;124;48;2;238;200;185m`[38;2;148;100;84;48;2;223;185;170m`[38;2;177;139;126;48;2;123;84;70my[38;2;53;18;6;48;2;45;14;4my[38;2;94;42;17;48;2;69;26;8m_[38;2;63;22;6;48;2;79;31;10mg[38;2;56;18;5;48;2;72;26;7m_[38;2;98;43;16;48;2;84;32;9m`[38;2;112;47;18;48;2;95;37;12m7[38;2;102;41;14;48;2;92;37;12mf[38;2;117;54;26;48;2;104;50;25mu[38;2;192;156;139;48;2;140;89;64m~[38;2;136;98;80;48;2;193;156;139m_[38;2;237;201;184;48;2;227;191;174m`[38;2;243;218;204;48;2;235;199;182m=[38;2;236;196;177;48;2;239;206;190m,[38;2;223;179;159;48;2;237;202;185m~[38;2;227;190;173;48;2;238;206;191m_[38;2;221;178;159;48;2;228;189;172mu[38;2;210;167;150;48;2;221;182;165mL[38;2;224;187;171;48;2;227;192;177mJ[38;2;211;171;154;48;2;221;182;165mu[38;2;209;165;147;48;2;217;177;161mr[38;2;214;173;158;48;2;221;185;171m)[38;2;227;191;177;48;2;220;183;168m%[38;2;208;167;151;48;2;216;177;161mu[38;2;206;166;150;48;2;219;182;167my[38;2;213;173;157;48;2;223;186;172m<[38;2;190;150;136;48;2;228;196;184m_[38;2;191;152;138;48;2;210;175;162my[38;2;217;184;173;48;2;204;168;155mT[38;2;204;167;155;48;2;213;179;167mF[38;2;204;171;160;48;2;213;181;169my[38;2;98;77;71;48;2;148;118;110m4[38;2;33;11;6;48;2;45;17;11m'[38;2;119;74;67;48;2;83;46;38m^[38;2;119;75;65;48;2;22;14;12m_[48;2;0;0;0m   [38;2;3;3;3;48;2;1;1;1m"[38;2;99;73;65;48;2;67;51;45m4[38;2;98;83;77;48;2;184;167;160m|[38;2;141;138;138;48;2;88;88;90mr[48;2;0;0;0m       [0m
[7m[38;2;0;0;0m [0m[38;2;0;0;0;48;2;0;0;0m          [48;2;0;2;2m:[38;2;5;45;53;48;2;3;19;22m}[38;2;3;6;6;48;2;29;33;34m:[38;2;1;1;1;48;2;80;75;73m:[38;2;150;134;123;48;2;102;85;74mW[38;2;1;0;0;48;2;8;6;5m'[38;2;20;16;15;48;2;16;13;12m.[38;2;2;1;0;48;2;18;9;6m`[38;2;43;14;3;48;2;65;27;10mi[38;2;84;38;15;48;2;66;29;11m,[38;2;144;79;42;48;2;86;42;20m\[38;2;156;120;106;48;2;196;158;142m~[38;2;245;215;201;48;2;239;205;189m1[38;2;244;204;187;48;2;249;218;204m`[38;2;249;215;200;48;2;249;220;206m"[38;2;250;216;202;48;2;250;221;207m?[48;2;250;221;209m_[38;2;245;204;187;48;2;247;212;197mu[38;2;246;209;194;48;2;247;212;198mW[38;2;250;225;214;48;2;246;214;201m[[38;2;217;174;158;48;2;233;200;186m`[38;2;220;183;169;48;2;115;83;72m_[38;2;219;203;198;48;2;103;71;58m_[38;2;168;141;130;48;2;70;38;26m_[38;2;90;37;14;48;2;78;31;11m<[38;2;64;23;6;48;2;90;38;14m=[38;2;108;49;23;48;2;95;40;17m>[38;2;110;49;22;48;2;90;37;14my[38;2;95;41;16;48;2;107;49;21m$[38;2;93;40;16;48;2;112;53;25mP[38;2;159;87;51;48;2;108;53;26m=[38;2;184;144;125;48;2;124;72;49m~[38;2;123;77;56;48;2;185;145;127my[38;2;170;133;115;48;2;218;181;164m_[38;2;206;163;143;48;2;230;195;178m_[38;2;175;125;106;48;2;214;174;156m+[38;2;215;176;159;48;2;210;166;147mu[38;2;220;183;166;48;2;228;192;175m-[38;2;202;155;136;48;2;217;175;158mJ[38;2;221;182;166;48;2;213;172;156mk[38;2;213;174;158;48;2;222;185;170my[38;2;202;162;146;48;2;221;184;170my[38;2;220;183;168;48;2;208;168;152mL[38;2;197;155;139;48;2;208;167;152mc[38;2;222;186;171;48;2;210;171;156mX[38;2;207;167;151;48;2;224;188;174m~[38;2;183;142;128;48;2;201;163;150m-[38;2;197;160;147;48;2;183;144;131my[38;2;176;139;127;48;2;188;152;140mL[38;2;186;151;140;48;2;214;180;169m_[38;2;183;147;137;48;2;199;166;155my[38;2;191;157;147;48;2;166;133;125m`[38;2;34;9;3;48;2;53;22;12m'[38;2;44;14;4;48;2;66;29;15m_[38;2;42;21;15;48;2;102;62;53m+[38;2;133;92;84;48;2;31;21;19m_[48;2;0;0;0m  [38;2;0;0;0;48;2;1;1;2m:[38;2;16;7;5;48;2;69;54;49m'[38;2;64;55;51;48;2;169;151;144ml[38;2;153;146;145;48;2;95;90;91mL[38;2;1;1;1;48;2;0;0;0mr      [0m
[7m[38;2;0;0;0m [0m[38;2;0;0;0;48;2;0;0;0m            [48;2;8;8;8m:[38;2;67;64;62;48;2;45;42;40m,[38;2;198;188;176;48;2;135;119;107mL[38;2;1;0;0;48;2;26;20;15m`[38;2;13;11;9;48;2;18;15;13mM[38;2;21;18;15;48;2;15;10;8mL[38;2;62;23;7;48;2;71;30;11mI[38;2;98;48;21;48;2;78;35;13m,[38;2;83;39;16;48;2;64;26;9m_[38;2;100;71;57;48;2;166;132;116mL[38;2;227;191;175;48;2;234;199;183m_[38;2;238;197;180;48;2;242;207;191mw[38;2;243;204;187;48;2;246;213;198mg[38;2;246;210;194;48;2;247;214;200mM[38;2;247;210;194;48;2;249;218;205m~[38;2;247;211;196;48;2;249;218;204m~[38;2;247;213;198;48;2;249;217;203m=[38;2;249;225;214;48;2;246;215;202m:[38;2;218;171;153;48;2;225;184;169m"[38;2;126;92;81;48;2;171;135;122my[38;2;126;92;79;48;2;193;167;158m_[38;2;239;234;231;48;2;202;187;181m:[38;2;122;93;78;48;2;89;54;38mL[38;2;103;46;21;48;2;88;37;14my[38;2;78;34;12;48;2;102;44;18m_[38;2;73;29;11;48;2;100;46;20m-[38;2;116;56;27;48;2;104;48;21m<[38;2;125;63;34;48;2;107;50;24m=[38;2;70;28;10;48;2;102;48;23m*[38;2;77;33;14;48;2;98;46;22m~[38;2;124;66;35;48;2;92;43;19mr[38;2;67;26;11;48;2;105;57;35m.[38;2;91;50;32;48;2;173;133;115m_[38;2;218;176;156;48;2;204;163;143m`[38;2;213;172;154;48;2;218;180;162m1[38;2;200;154;136;48;2;215;176;159m_[38;2;210;169;153;48;2;223;185;169mg[38;2;227;191;176;48;2;214;174;158mT[38;2;200;158;142;48;2;214;176;160m~[38;2;194;153;138;48;2;214;175;159m`[38;2;214;176;161;48;2;217;180;165m][38;2;192;153;138;48;2;206;168;153mk[38;2;191;153;138;48;2;209;173;159mx[38;2;180;139;125;48;2;207;169;155m*[38;2;214;177;164;48;2;205;167;154m<[38;2;201;164;153;48;2;190;152;140mr[38;2;209;175;164;48;2;185;148;138m\[38;2;190;153;143;48;2;179;142;132m_[38;2;187;151;142;48;2;172;135;126m~[38;2;147;112;103;48;2;161;124;116m'[38;2;34;10;4;48;2;65;35;25m'[38;2;88;39;17;48;2;66;25;9m*[38;2;109;61;49;48;2;83;39;24m`[38;2;153;103;94;48;2;126;80;70m4[38;2;118;81;73;48;2;35;22;19m_[48;2;0;0;0m [38;2;0;0;0;48;2;3;3;3m:[38;2;31;11;7;48;2;68;50;43m'[38;2;58;49;46;48;2;162;141;133ml[38;2;136;130;130;48;2;87;83;82mL[48;2;0;0;0m       [0m
[7m[38;2;0;0;0m [0m[38;2;0;0;0;48;2;0;0;0m            [48;2;1;1;1m:[38;2;83;79;76;48;2;30;28;28m[[38;2;220;212;203;48;2;111;100;94mI[38;2;88;71;60;48;2;42;33;27mL[38;2;12;10;9;48;2;18;15;13mL[38;2;30;25;21;48;2;13;11;9m_[38;2;33;13;4;48;2;57;22;7mL[38;2;73;31;11;48;2;88;40;16mr[38;2;68;29;10;48;2;82;37;15m9[38;2;53;19;7;48;2;73;37;21m'[38;2;225;183;165;48;2;204;166;149m`[38;2;208;165;146;48;2;230;194;177m_[38;2;220;175;157;48;2;237;200;185mL[38;2;238;198;181;48;2;247;217;202m_[38;2;251;227;216;48;2;247;218;205m`[38;2;231;188;170;48;2;248;218;204m_[38;2;241;201;187;48;2;248;218;205m_[38;2;193;150;136;48;2;220;180;165m_[38;2;122;84;72;48;2;181;136;122m_[38;2;110;78;68;48;2;56;39;34mF[38;2;104;71;60;48;2;59;38;32m"[38;2;53;44;39;48;2;119;103;95m*[38;2;198;187;184;48;2;129;107;99mL[38;2;77;35;15;48;2;60;26;11m4[38;2;123;60;29;48;2;104;49;23m&[38;2;93;42;18;48;2;105;50;25mR[38;2;56;18;6;48;2;107;51;25m.[38;2;127;62;33;48;2;105;50;24m1[38;2;67;25;8;48;2;103;49;23m=[38;2;116;56;29;48;2;92;40;17m_[38;2;110;51;23;48;2;81;35;14m=[38;2;101;47;24;48;2;82;36;16mF[38;2;116;59;31;48;2;83;37;17m~[38;2;83;46;33;48;2;152;112;96ms[38;2;197;153;134;48;2;213;173;156mR[38;2;220;182;165;48;2;211;171;154mW[38;2;191;147;132;48;2;211;173;156my[38;2;211;168;151;48;2;220;179;163mg[38;2;199;155;139;48;2;212;171;155m'[38;2;197;154;138;48;2;207;167;152mW[38;2;177;134;118;48;2;196;157;142ms[38;2;175;134;119;48;2;190;149;134m$[38;2;192;152;137;48;2;200;161;147m~[38;2;188;148;135;48;2;206;170;157ms[38;2;183;145;133;48;2;196;159;146m_[38;2;196;161;149;48;2;180;143;132m\[38;2;197;162;151;48;2;191;155;145mZ[38;2;179;142;131;48;2;187;150;140m7[38;2;191;154;144;48;2;178;141;131m>[38;2;182;144;133;48;2;172;133;123m:[38;2;101;72;63;48;2;79;49;40m~[38;2;41;11;2;48;2;51;16;5mk[38;2;30;7;2;48;2;60;21;7m_[38;2;108;63;49;48;2;74;35;22m~[38;2;166;133;128;48;2;129;90;82m.[38;2;49;34;29;48;2;12;9;8m,[38;2;0;0;0;48;2;3;3;4m:[38;2;38;14;6;48;2;55;35;27m:[38;2;119;103;98;48;2;162;143;136m$[38;2;92;90;93;48;2;72;70;71mL[48;2;0;0;0m       [0m
[7m[38;2;0;0;0m [0m[38;2;0;0;0;48;2;0;0;0m             [38;2;87;83;81;48;2;34;32;31m][38;2;158;151;145;48;2;97;91;88m1[38;2;75;49;32;48;2;25;15;11m'[38;2;7;5;5;48;2;16;13;11mi[38;2;35;31;26;48;2;20;17;14m][38;2;40;14;5;48;2;17;6;2m`[38;2;83;37;14;48;2;72;30;10m][38;2;84;39;16;48;2;93;44;19my[38;2;84;37;15;48;2;68;28;11mW[38;2;148;113;96;48;2;98;58;41m"[38;2;173;134;117;48;2;201;160;143m,[38;2;203;159;142;48;2;219;178;162m_[38;2;228;186;168;48;2;218;173;156m~[38;2;209;162;146;48;2;223;179;162m_[38;2;200;149;132;48;2;218;171;155mj[38;2;201;154;138;48;2;214;167;151my[38;2;156;114;101;48;2;173;130;117my[38;2;84;57;49;48;2;23;13;11m~[38;2;4;0;0;48;2;5;0;0m:[38;2;2;0;0;48;2;26;13;10m'[38;2;158;143;137;48;2;80;69;65m[[38;2;230;216;212;48;2;119;101;97mI[38;2;73;34;15;48;2;50;21;9mJ[38;2;108;54;27;48;2;80;36;16my[38;2;86;39;18;48;2;94;43;19mL[38;2;121;61;33;48;2;93;44;20m=[38;2;100;49;24;48;2;86;38;17m/[38;2;82;36;16;48;2;99;46;22m,[38;2;93;42;17;48;2;80;34;13mz[38;2;111;55;28;48;2;81;34;15mF[38;2;110;52;25;48;2;89;39;18m?[38;2;109;53;28;48;2;76;33;15my[38;2;48;14;5;48;2;68;29;13m.[38;2;119;80;63;48;2;168;127;110mL[38;2;193;150;133;48;2;211;173;156m\[38;2;200;157;140;48;2;211;170;153m_[38;2;197;156;138;48;2;214;175;158m_[38;2;222;182;165;48;2;184;143;128m`[38;2;220;183;168;48;2;197;158;143m`[38;2;199;160;146;48;2;187;147;133my[38;2;201;163;150;48;2;185;146;133mr[38;2;167;128;115;48;2;195;157;143m_[38;2;216;181;168;48;2;196;159;146m?[38;2;162;125;113;48;2;182;145;133my[38;2;183;145;134;48;2;174;137;125m\[38;2;194;158;148;48;2;180;143;132m+[38;2;178;139;129;48;2;174;134;124m~[38;2;175;132;120;48;2;177;136;125my[38;2;176;135;124;48;2;167;126;115m'[38;2;17;4;2;48;2;48;20;13m'[38;2;65;24;9;48;2;41;13;4m~[38;2;38;11;3;48;2;59;21;6mF[38;2;91;39;16;48;2;58;20;7m*[38;2;104;55;37;48;2;88;43;28md[38;2;75;52;46;48;2;107;67;56m"[38;2;0;0;0;48;2;10;8;8m:[38;2;37;11;4;48;2;64;40;32m'[38;2;115;94;88;48;2;149;130;124m"[38;2;64;62;60;48;2;49;47;47m`[48;2;0;0;0m       [0m
[7m[38;2;0;0;0m [0m[38;2;0;0;0;48;2;0;0;0m             [38;2;76;71;69;48;2;32;30;29m`[38;2;110;107;105;48;2;77;74;72m4[38;2;129;122;118;48;2;57;51;48m_[38;2;45;37;34;48;2;23;18;17mL[38;2;15;13;12;48;2;6;5;5m~[48;2;0;0;0m [38;2;13;4;2;48;2;41;17;7mL[38;2;57;22;7;48;2;69;29;11mh[38;2;98;48;20;48;2;79;35;13mT[38;2;78;34;13;48;2;65;26;9mt[38;2;156;119;103;48;2;84;47;32m`[38;2;85;56;47;48;2;173;132;117m_[38;2;159;116;102;48;2;183;140;124my[38;2;204;159;143;48;2;168;125;110m~[38;2;189;145;130;48;2;160;116;102m~[38;2;133;90;79;48;2;155;111;99mL[38;2;36;22;20;48;2;113;80;71m_[38;2;6;0;0;48;2;11;2;1m`[38;2;19;2;1;48;2;9;0;0m,[38;2;8;1;0;48;2;24;13;11m`[38;2;142;126;118;48;2;69;58;54m][38;2;182;162;156;48;2;99;84;79m1[38;2;27;9;3;48;2;40;15;5m$[38;2;132;67;35;48;2;62;26;10m`[38;2;41;12;3;48;2;91;42;19m=[38;2;77;33;15;48;2;95;45;22mR[38;2;115;56;29;48;2;89;41;19m([38;2;116;58;30;48;2;90;43;21m{[38;2;62;24;10;48;2;98;47;24m*[38;2;155;90;59;48;2;106;51;27m_[38;2;151;76;42;48;2;99;44;20m_[38;2;119;58;28;48;2;86;38;17m+[38;2;109;54;27;48;2;90;40;18mp[38;2;131;90;72;48;2;98;59;43m"[38;2;188;145;129;48;2;196;156;139mA[38;2;168;125;110;48;2;201;161;145m,[38;2;173;131;116;48;2;190;149;133m7[38;2;207;168;154;48;2;193;153;138m4[38;2;211;174;159;48;2;198;159;145m=[38;2;211;174;161;48;2;195;157;143mu[38;2;180;142;129;48;2;188;151;137m+[38;2;179;141;128;48;2;173;135;122m-[38;2;177;140;128;48;2;167;129;117mW[38;2;170;134;123;48;2;165;128;117mw[38;2;167;129;119;48;2;162;124;114m<[38;2;180;141;132;48;2;170;130;120m~[38;2;176;134;123;48;2;177;132;121m"[38;2;176;128;114;48;2;180;132;119m{[38;2;101;70;62;48;2;121;88;79mj[38;2;18;3;1;48;2;30;9;4m'[38;2;42;10;3;48;2;50;15;5m:[38;2;226;174;153;48;2;92;48;30m_[38;2;198;153;135;48;2;115;71;54my[38;2;223;179;162;48;2;142;97;78my[38;2;230;192;178;48;2;169;123;105my[38;2;114;73;60;48;2;179;144;134m~[38;2;230;216;214;48;2;103;75;68m_[38;2;140;107;100;48;2;189;161;155m][38;2;30;26;25;48;2;34;32;33m'[48;2;0;0;0m       [0m
[7m[38;2;0;0;0m [0m[38;2;0;0;0;48;2;0;0;0m              [38;2;108;102;100;48;2;54;52;51m~[38;2;177;173;171;48;2;83;78;75m[[38;2;19;14;12;48;2;11;8;7m~[38;2;8;8;9;48;2;3;3;3m,[38;2;7;7;7;48;2;1;1;1m-[38;2;0;0;0;48;2;2;2;2m:[38;2;62;27;10;48;2;23;11;5m~[38;2;30;11;3;48;2;55;21;7m_[38;2;93;47;23;48;2;48;17;5m'[38;2;72;31;11;48;2;51;18;7my[38;2;37;9;3;48;2;59;22;9m`[38;2;132;94;82;48;2;51;27;19m~[38;2;139;98;86;48;2;65;39;32m~[38;2;41;18;12;48;2;92;62;53my[38;2;133;95;84;48;2;54;30;24m~[38;2;5;1;0;48;2;15;3;2m`[38;2;18;2;1;48;2;14;1;0my[38;2;16;2;0;48;2;12;1;0m_[38;2;18;2;1;48;2;22;9;7m:[38;2;126;98;85;48;2;85;70;64m1[38;2;153;136;128;48;2;92;77;72mJ[38;2;9;3;3;48;2;35;17;11m`[38;2;82;38;15;48;2;53;20;8m~[38;2;60;22;9;48;2;79;33;14m~[38;2;101;49;25;48;2;67;27;11m_[38;2;123;64;35;48;2;82;36;16m`[38;2;62;23;7;48;2;95;44;22m_[38;2;112;54;26;48;2;92;42;20m~[38;2;115;55;29;48;2;84;35;15m`[38;2;132;65;35;48;2;81;36;15m~[38;2;138;70;40;48;2;96;44;20m~[38;2;138;72;39;48;2;114;54;26mq[38;2;137;70;36;48;2;101;47;22ms[38;2;122;77;57;48;2;158;116;99m_[38;2;161;122;106;48;2;178;139;124mu[38;2;207;170;155;48;2;199;161;146m2[38;2;207;169;154;48;2;217;181;167mj[38;2;187;146;132;48;2;201;165;150m~[38;2;203;167;153;48;2;185;148;134m*[38;2;196;161;147;48;2;175;139;126m7[38;2;192;156;143;48;2;183;147;135m'[38;2;172;136;124;48;2;162;126;115m$[38;2;148;113;103;48;2;154;119;109mr[38;2;172;132;123;48;2;166;127;117m.[38;2;166;124;112;48;2;169;126;115ml[38;2;159;117;104;48;2;174;127;114m_[38;2;73;46;40;48;2;137;98;87m_[38;2;98;71;62;48;2;29;12;9m`[38;2;156;106;88;48;2;89;52;40my[38;2;96;49;35;48;2;209;156;134m`[38;2;238;186;165;48;2;243;193;172m~[38;2;246;201;182;48;2;248;204;185m~[38;2;249;206;189;48;2;249;210;194m,[38;2;249;205;189;48;2;250;212;197m<[38;2;250;215;205;48;2;249;210;198m"[38;2;250;228;227;48;2;247;214;207m~[38;2;133;101;95;48;2;221;199;200m`[38;2;90;86;90;48;2;37;34;36m,[48;2;0;0;0m       [0m
[7m[38;2;0;0;0m [0m[38;2;0;0;0;48;2;0;0;0m              [38;2;1;1;0;48;2;24;23;23m`[38;2;60;50;45;48;2;104;96;92mJ[38;2;0;0;0;48;2;41;37;35m`[38;2;60;54;50;48;2;8;7;7m_[38;2;41;35;33;48;2;12;10;9m*[38;2;44;38;36;48;2;10;8;7m.[38;2;1;1;1;48;2;2;2;2m`[38;2;6;3;1;48;2;3;1;0m`[38;2;38;12;3;48;2;16;5;1m~[38;2;48;16;5;48;2;28;8;2m~[38;2;26;5;1;48;2;43;13;4my[38;2;65;26;9;48;2;46;15;4mF[38;2;39;12;4;48;2;25;5;1m>[38;2;27;7;2;48;2;31;7;2m"[38;2;29;7;2;48;2;25;6;1m~[38;2;17;2;0;48;2;24;5;1m~[38;2;27;6;2;48;2;17;2;0m'[38;2;17;3;1;48;2;20;3;1m'[38;2;22;3;1;48;2;30;9;5m:[38;2;122;96;84;48;2;94;76;68m4[38;2;123;108;100;48;2;90;77;71m4[38;2;89;62;54;48;2;58;38;32mr[38;2;65;30;13;48;2;42;16;6mu[38;2;112;55;28;48;2;89;40;18mu[38;2;100;45;21;48;2;86;38;16ms[38;2;108;51;26;48;2;86;36;14m=[38;2;71;28;10;48;2;83;35;14mZ[38;2;64;22;7;48;2;78;30;11mF[38;2;147;83;59;48;2;78;31;12m_[38;2;245;209;194;48;2;106;56;35m_[38;2;250;217;202;48;2;131;76;53m_[38;2;249;221;209;48;2;143;93;69m_[38;2;250;221;208;48;2;140;93;70m_[38;2;249;218;205;48;2;144;95;72m_[38;2;202;170;155;48;2;153;113;97m_[38;2;202;166;152;48;2;176;139;125m*[38;2;151;116;102;48;2;191;157;143my[38;2;183;146;132;48;2;197;161;146my[38;2;183;148;134;48;2;170;134;121mM[38;2;175;141;129;48;2;155;121;110m=[38;2;178;142;132;48;2;151;117;108m"[38;2;158;123;114;48;2;151;118;109m~[38;2;155;120;110;48;2;149;114;105m"[38;2;142;106;96;48;2;154;116;106my[38;2;160;120;108;48;2;141;104;93m~[38;2;63;41;36;48;2;111;79;70my[38;2;48;31;26;48;2;22;11;8m~[38;2;57;30;21;48;2;114;74;60m~[38;2;183;129;109;48;2;196;140;120mF[38;2;230;174;152;48;2;233;178;157mK[38;2;241;190;172;48;2;245;195;176m_[38;2;247;199;182;48;2;249;203;185m_[38;2;245;193;175;48;2;249;204;188m_[38;2;238;182;164;48;2;248;203;187m_[38;2;244;191;176;48;2;248;203;188my[38;2;232;178;164;48;2;242;196;183my[38;2;204;153;146;48;2;238;199;195m_[38;2;124;118;120;48;2;186;163;167m"[38;2;0;0;0;48;2;2;2;2m:[48;2;0;0;0m      [0m
[7m[38;2;0;0;0m [0m[38;2;0;0;0;48;2;0;0;0m             [38;2;117;115;115;48;2;25;24;24my[38;2;163;158;156;48;2;95;89;85m<[38;2;122;106;96;48;2;87;76;72m`[38;2;184;178;173;48;2;111;103;98m7[38;2;173;166;161;48;2;113;105;99mL[38;2;159;149;143;48;2;95;86;81mg[38;2;182;165;155;48;2;57;52;49m=[38;2;111;98;90;48;2;49;43;40m+[38;2;106;94;87;48;2;38;33;30mL[38;2;141;121;110;48;2;19;16;14m_[38;2;0;0;0;48;2;8;6;5m`[38;2;10;8;7;48;2;5;2;1m_[38;2;23;4;0;48;2;8;2;0m~[38;2;6;1;0;48;2;17;3;0my[38;2;39;11;4;48;2;20;4;1m^[38;2;24;5;1;48;2;18;3;1m~[38;2;15;3;1;48;2;23;5;1mi[38;2;28;6;2;48;2;20;4;1mp[38;2;27;7;2;48;2;21;4;1m7[38;2;67;28;11;48;2;51;19;7my[38;2;84;55;44;48;2;102;80;72mW[38;2;112;87;77;48;2;78;63;58mW[38;2;136;95;82;48;2;80;53;44mL[38;2;94;43;18;48;2;53;23;9m{[38;2;115;56;28;48;2;94;46;23m`[38;2;116;57;31;48;2;99;47;23m?[38;2;141;75;47;48;2;125;61;34m_[38;2;217;175;156;48;2;150;95;72my[38;2;137;73;47;48;2;228;191;174m~[38;2;244;204;188;48;2;248;217;202m`[38;2;251;219;205;48;2;251;224;210m~[38;2;251;220;206;48;2;251;225;212m~[38;2;252;228;217;48;2;250;226;214m`[38;2;251;214;199;48;2;251;224;212m.[38;2;252;224;211;48;2;251;220;208mw[38;2;251;216;203;48;2;250;218;205m.[38;2;167;134;123;48;2;228;195;182m~[38;2;236;202;189;48;2;176;142;130m_[38;2;164;131;119;48;2;134;105;96m~[38;2;189;156;143;48;2;140;111;101m~[38;2;148;116;107;48;2;126;98;89m~[38;2;135;106;99;48;2;123;95;87me[38;2;140;108;99;48;2;113;87;80m~[38;2;138;106;96;48;2;112;85;78m~[38;2;89;67;60;48;2;115;86;78my[38;2;128;95;86;48;2;98;72;64m'[38;2;7;3;3;48;2;19;11;9m:[38;2;42;22;17;48;2;54;32;25mL[38;2;131;89;74;48;2;118;80;67m4[38;2;151;108;93;48;2;193;141;122m_[38;2;201;147;129;48;2;218;165;146mi[38;2;220;164;144;48;2;233;180;162mp[38;2;224;168;149;48;2;236;184;166mt[38;2;203;149;134;48;2;229;177;160m_[38;2;243;195;178;48;2;208;155;140m~[38;2;172;114;102;48;2;203;147;133ms[38;2;226;172;158;48;2;190;136;125m~[38;2;194;145;137;48;2;156;110;105m`[38;2;190;153;161;48;2;164;127;131m4[38;2;2;2;2;48;2;19;17;18m:[48;2;0;0;0m      [0m
[7m[38;2;0;0;0m [0m[38;2;0;0;0;48;2;0;0;0m           [48;2;6;6;6m:[38;2;131;130;129;48;2;63;61;60mz[38;2;185;183;180;48;2;97;87;82m`[38;2;24;20;18;48;2;74;63;57my[38;2;1;1;1;48;2;5;4;4m:[38;2;67;58;53;48;2;12;11;10m~[38;2;74;65;58;48;2;19;17;15m~[38;2;75;67;63;48;2;38;33;31m`[38;2;162;152;144;48;2;63;56;52m~[38;2;147;136;128;48;2;76;69;64mT[38;2;159;148;142;48;2;72;64;60m=[38;2;188;176;167;48;2;76;68;63m-[38;2;134;119;109;48;2;84;74;67mZ[38;2;189;173;164;48;2;50;41;36m_[38;2;69;52;41;48;2;19;15;12m=[38;2;46;34;27;48;2;17;12;9mL[38;2;58;41;32;48;2;5;3;3m_[38;2;4;0;0;48;2;1;1;1m`[38;2;10;1;0;48;2;2;1;0m~[38;2;22;4;1;48;2;6;1;0m~[38;2;0;0;0;48;2;15;2;0m_[38;2;44;14;4;48;2;30;8;2m7[38;2;116;109;107;48;2;79;59;52m][38;2;62;51;47;48;2;83;67;60m$[38;2;134;103;91;48;2;86;57;47mL[38;2;74;33;16;48;2;55;24;11m7[38;2;90;41;17;48;2;118;60;32m~[38;2;89;39;16;48;2;120;65;38m'[38;2;152;99;74;48;2;212;169;149m~[38;2;246;211;195;48;2;248;218;203m_[38;2;250;217;202;48;2;251;225;212m\[38;2;252;231;219;48;2;251;227;215m_[38;2;251;223;209;48;2;251;224;211m>[38;2;251;222;209;48;2;251;225;212m_[38;2;251;228;217;48;2;251;226;215my[38;2;250;222;209;48;2;251;225;214m_[38;2;250;204;189;48;2;252;218;205m\[38;2;247;206;191;48;2;250;215;202m_[38;2;232;179;162;48;2;246;208;194m_[38;2;235;189;175;48;2;241;201;188m_[38;2;215;175;163;48;2;156;127;118mL[38;2;30;22;20;48;2;79;60;55m_[38;2;3;2;2;48;2;83;63;58m_[38;2;15;11;10;48;2;59;45;42my[38;2;85;66;61;48;2;31;23;21m~[38;2;57;43;38;48;2;16;11;10m~[38;2;61;47;41;48;2;14;10;9m~[38;2;46;45;51;48;2;10;9;9m"[38;2;12;6;4;48;2;4;2;1m"[38;2;45;27;20;48;2;14;8;6m`[38;2;100;68;57;48;2;62;42;35m~[38;2;93;64;55;48;2;141;102;88m_[38;2;118;83;73;48;2;178;132;116m_[38;2;157;115;101;48;2;188;141;126mg[38;2;133;90;79;48;2;182;133;118m_[38;2;199;148;134;48;2;155;109;97m~[38;2;132;89;81;48;2;150;104;94my[38;2;148;103;95;48;2;138;93;84mJ[38;2;150;105;98;48;2;142;99;92m\[38;2;113;80;80;48;2;123;87;88m.[38;2;143;112;117;48;2;73;57;60mF[48;2;0;0;0m       [0m
[7m[38;2;0;0;0m [0m[38;2;0;0;0;48;2;0;0;0m     [38;2;1;1;1m_[38;2;2;2;1m_[38;2;1;1;1;48;2;1;0;0my[48;2;0;0;0m_[38;2;0;0;0;48;2;1;1;1m`[38;2;110;108;106;48;2;21;21;21m_[38;2;148;146;144;48;2;79;74;72mf[38;2;103;89;82;48;2;76;65;61m=[38;2;84;72;65;48;2;25;21;19m~[38;2;0;0;0;48;2;1;1;1m`[38;2;3;3;2;48;2;2;2;2m_[38;2;1;1;1m`[38;2;2;2;1m~[38;2;3;2;2mw*[38;2;3;3;3m-[38;2;10;7;7;48;2;5;4;4m`[38;2;109;97;90;48;2;18;16;15m`[38;2;89;77;71;48;2;25;22;20m~[38;2;187;171;162;48;2;54;48;45m`[38;2;153;137;130;48;2;68;59;55m7[38;2;153;138;131;48;2;67;59;55m=[38;2;158;146;140;48;2;64;55;51m+[38;2;185;167;158;48;2;64;54;48m_[38;2;96;87;82;48;2;32;24;20m_[38;2;2;1;1;48;2;29;22;19m`[38;2;176;163;156;48;2;19;16;14m_[38;2;47;33;28;48;2;4;3;2m_[38;2;80;75;73;48;2;46;41;40m4[38;2;131;100;87;48;2;75;61;55mL[38;2;173;155;150;48;2;89;66;59m[[38;2;64;32;17;48;2;42;18;9mJ[38;2;119;66;38;48;2;95;47;23m<[38;2;102;61;45;48;2;161;121;102mF[38;2;228;189;171;48;2;240;208;193my[38;2;249;221;209;48;2;244;211;195m=[38;2;245;204;187;48;2;248;215;200m?[38;2;245;209;192;48;2;249;221;207m_[38;2;237;188;168;48;2;248;217;203m_[38;2;241;194;176;48;2;248;213;198mu[38;2;251;221;208;48;2;243;197;180m~[38;2;227;175;156;48;2;241;195;178m_[38;2;250;211;197;48;2;232;179;162m`[38;2;226;171;156;48;2;234;182;167mw[38;2;213;160;144;48;2;225;175;159mw[38;2;227;180;166;48;2;219;171;158mM[38;2;219;175;161;48;2;202;158;146m~[38;2;84;67;62;48;2;45;36;33mL[38;2;6;5;5;48;2;2;2;2mL[48;2;3;2;2m.[38;2;9;8;7;48;2;3;3;2m-[38;2;30;22;17;48;2;6;5;4m_[38;2;58;44;38;48;2;9;7;6m_[38;2;74;63;60;48;2;15;12;10m_[38;2;140;122;118;48;2;23;18;16m_[38;2;215;191;183;48;2;37;31;28m_[38;2;217;196;192;48;2;48;41;39m_[38;2;142;130;127;48;2;68;58;58mL[38;2;142;135;140;48;2;99;81;78mw[38;2;73;82;109;48;2;94;73;70m.[38;2;121;103;97;48;2;94;65;59m_[38;2;85;60;56;48;2;95;65;59my[38;2;47;34;31;48;2;98;66;60m_[38;2;10;9;9;48;2;97;69;65m_[38;2;18;17;18;48;2;95;74;74m.[38;2;117;100;106;48;2;53;47;50m~[38;2;0;0;0;48;2;5;5;4m:[48;2;0;0;0m       [0m
[7m[38;2;0;0;0m [0m[38;2;0;0;0;48;2;0;0;0m  [38;2;1;1;1m,[38;2;1;0;0m.[38;2;0;0;0;48;2;1;1;1m-[38;2;2;1;1m.[38;2;3;3;3;48;2;2;1;1m.[38;2;2;2;2mg[48;2;2;2;1mW[48;2;30;29;28m'[38;2;187;183;178;48;2;89;80;75m'[38;2;35;29;26;48;2;71;60;55my[38;2;28;24;21;48;2;6;5;4m~[38;2;1;1;0;48;2;2;2;2m~[38;2;3;3;3m.[38;2;1;0;0m_[38;2;2;2;2;48;2;2;1;1mF[48;2;1;1;1m~~~[38;2;1;1;1;48;2;2;2;2my[38;2;0;0;0;48;2;1;1;1myy[38;2;2;1;1;48;2;1;0;0m~[38;2;2;2;2;48;2;0;0;0m~[38;2;3;3;3m`[38;2;11;9;8;48;2;3;2;2m`[38;2;77;67;62;48;2;15;13;12m~[38;2;71;61;57;48;2;36;31;29m^[38;2;176;162;153;48;2;73;64;61m~[38;2;135;125;118;48;2;96;86;81mh[38;2;208;198;190;48;2;123;111;106m-[38;2;120;107;102;48;2;176;166;161m+[38;2;205;199;195;48;2;140;132;128m#[38;2;192;186;183;48;2;131;119;113m_[38;2;170;160;155;48;2;108;92;86m/[38;2;46;28;22;48;2;17;8;6m_[38;2;10;4;2;48;2;54;27;13mL[38;2;131;97;81;48;2;105;69;52m"[38;2;228;188;171;48;2;205;165;148m`[38;2;221;179;161;48;2;231;193;176mw[38;2;212;164;145;48;2;238;200;184m_[38;2;240;196;177;48;2;222;171;152m~[38;2;198;144;126;48;2;229;182;163m_[38;2;224;175;157;48;2;230;186;168mk[38;2;204;155;138;48;2;221;172;155mg[38;2;177;128;114;48;2;205;156;140my[38;2;224;176;161;48;2;186;137;123m~[38;2;183;128;112;48;2;206;156;142m-[38;2;179;130;119;48;2;194;144;131mg[38;2;162;119;111;48;2;178;133;123mg[38;2;143;107;101;48;2;166;126;119my[38;2;147;127;122;48;2;83;69;65mw[38;2;175;156;151;48;2;60;52;49m*[38;2;189;165;158;48;2;64;55;51m=[38;2;157;137;132;48;2;74;64;61mr[38;2;123;109;106;48;2;76;67;64mF[38;2;152;134;132;48;2;73;65;64mT[38;2;197;174;171;48;2;65;59;57m~[38;2;168;150;152;48;2;56;49;47m~[38;2;173;155;155;48;2;44;40;40m`[38;2;73;71;78;48;2;27;25;25m~[38;2;88;80;78;48;2;20;18;17m~[38;2;85;76;72;48;2;14;13;12m~[38;2;114;100;90;48;2;13;11;10m`[38;2;41;31;28;48;2;5;4;4m`[48;2;1;1;1m [38;2;2;2;2m_[38;2;0;0;0;48;2;9;8;7m:[38;2;96;79;72;48;2;67;58;54mL[38;2;154;143;141;48;2;74;69;69mL[38;2;0;0;0;48;2;1;1;1m:[48;2;0;0;0m       [0m
[7m[38;2;0;0;0m [0m[38;2;0;0;0;48;2;0;0;0m [38;2;2;2;2m_[38;2;3;3;3;48;2;1;1;1m_[38;2;2;2;2mL[38;2;2;2;1my[38;2;8;7;6;48;2;2;1;1m_[38;2;4;4;4;48;2;2;2;2m_[38;2;2;2;2;48;2;4;3;3m''[38;2;42;35;31;48;2;17;14;13m~[38;2;70;59;54;48;2;22;18;16m~[38;2;0;0;0;48;2;2;1;1m:[38;2;1;0;1;48;2;0;0;0m`[38;2;1;1;1m`,_[38;2;1;1;0m_             [38;2;0;0;0;48;2;2;2;2m:[38;2;75;64;59;48;2;16;14;13m~[38;2;86;73;67;48;2;42;36;34m^[38;2;132;125;119;48;2;62;54;51m~[38;2;196;187;183;48;2;71;61;56m`[38;2;106;95;88;48;2;64;53;48m`[38;2;101;77;67;48;2;76;60;54mF[38;2;145;133;126;48;2;89;71;63m\[38;2;90;71;67;48;2;55;35;29my[38;2;143;110;96;48;2;61;45;39m~[38;2;87;75;71;48;2;182;145;131m_[38;2;211;162;144;48;2;190;144;128m~[38;2;223;181;164;48;2;188;141;125m-[38;2;193;149;132;48;2;175;128;112m<[38;2;154;110;97;48;2;183;137;122my[38;2;178;130;115;48;2;158;114;101m~[38;2;158;111;100;48;2;145;102;92m~[38;2;120;78;70;48;2;140;98;89my[38;2;176;129;118;48;2;156;112;102m7[38;2;174;128;116;48;2;146;105;97m~[38;2;148;108;102;48;2;131;95;89m`[38;2;112;84;80;48;2;52;39;37mF[38;2;29;25;24;48;2;4;4;3m`[48;2;3;3;2m`[38;2;8;8;7;48;2;1;1;1m`[48;2;0;0;0m       [38;2;1;1;1m``[38;2;2;2;2;48;2;1;0;0m~[48;2;1;1;1m7[38;2;0;0;0;48;2;2;2;1m_[38;2;1;1;0;48;2;3;3;3m_[38;2;2;2;2;48;2;1;1;1m([38;2;85;70;61;48;2;43;35;31m1[38;2;152;141;139;48;2;79;73;72m1[38;2;0;0;0;48;2;8;8;8m`[38;2;3;3;3;48;2;1;1;1m_[38;2;4;3;3;48;2;2;2;1my[38;2;4;4;4;48;2;1;1;1m_[38;2;5;5;5m_[38;2;4;4;4;48;2;0;0;0m_[38;2;2;2;2m__[0m
[38;2;5;5;5;48;2;2;2;1m_[38;2;2;2;2;48;2;4;3;3m`[38;2;8;7;7;48;2;4;4;3m_[38;2;7;6;5;48;2;5;5;4m=[38;2;11;9;8;48;2;5;4;4m_[38;2;13;11;10;48;2;6;5;4m__[38;2;11;9;8;48;2;6;6;5m_[38;2;13;12;10;48;2;10;9;8mx[38;2;15;13;12m_[38;2;14;11;11;48;2;9;8;7m_[38;2;16;14;13;48;2;11;10;9m_[38;2;16;14;12;48;2;12;11;9ms[38;2;15;13;12;48;2;10;9;8my[38;2;20;18;16;48;2;11;10;9m_[38;2;24;21;19m_[38;2;2;2;2;48;2;14;12;11m~[38;2;14;12;11;48;2;8;7;7mw[38;2;33;30;28;48;2;11;10;9m_[38;2;22;19;17;48;2;8;7;6m_[38;2;14;12;11;48;2;7;6;5m_[38;2;12;11;10;48;2;5;5;4m_[38;2;15;13;12;48;2;4;3;3m_[38;2;8;7;7;48;2;3;3;2m_[38;2;7;6;5;48;2;2;2;2my[38;2;10;9;8;48;2;1;1;1m_[38;2;5;4;4;48;2;0;0;0m_        [38;2;19;17;16;48;2;79;74;72m.[38;2;131;120;114;48;2;159;150;144m\[38;2;180;162;155;48;2;108;88;82mL[38;2;54;48;44;48;2;24;21;20mF[38;2;65;59;55;48;2;20;18;17mT[38;2;89;81;77;48;2;16;14;14m~[38;2;104;94;92;48;2;13;12;11m`[38;2;105;80;70;48;2;25;19;17m~[38;2;20;15;14;48;2;85;63;57my[38;2;0;0;0;48;2;97;71;63m_[48;2;117;85;76m_[38;2;4;3;3;48;2;117;86;78m_[38;2;4;3;2;48;2;115;85;77m_[38;2;0;0;0;48;2;100;72;66m_[38;2;29;22;20;48;2;89;66;61my[38;2;7;4;4;48;2;67;50;46ma[38;2;51;39;36;48;2;8;6;5m~[48;2;0;0;0m                [38;2;1;0;0m`[38;2;1;1;1m`[38;2;40;32;28;48;2;15;12;11m"[38;2;2;2;1;48;2;54;48;46m'[38;2;4;3;4;48;2;21;19;19m:[38;2;3;3;3;48;2;2;2;2m_[38;2;8;7;7;48;2;4;4;3m_[38;2;4;4;4;48;2;6;5;5mm[38;2;8;7;7;48;2;6;6;6mx[38;2;5;5;4;48;2;9;8;8m~[38;2;12;11;11mm[38;2;14;13;13;48;2;9;9;9mw[0m
[38;2;54;53;53;48;2;10;9;8m_[38;2;49;47;46;48;2;9;9;8m_[38;2;51;49;48;48;2;11;10;10m_[38;2;57;55;55;48;2;12;11;10m_[38;2;60;58;56m_[38;2;69;67;64m_[38;2;68;65;62;48;2;13;12;11m_[38;2;75;71;66;48;2;14;12;11m_[38;2;79;75;73;48;2;17;15;14m_[38;2;81;77;75;48;2;16;14;13m_[38;2;79;76;75;48;2;18;16;15m_[38;2;80;77;74;48;2;17;15;13m_[38;2;82;78;74;48;2;18;16;14m_[38;2;80;77;73;48;2;18;17;15m_[38;2;72;69;65m_[38;2;72;67;63;48;2;19;16;15m_[38;2;78;74;69;48;2;19;17;15m_[38;2;98;92;89;48;2;21;19;17m_[38;2;102;97;94;48;2;26;23;21m_[38;2;95;90;87;48;2;25;22;20m_[38;2;85;79;75;48;2;26;23;21m_[38;2;87;82;78;48;2;32;29;27m_[38;2;89;85;81;48;2;40;36;33m_[38;2;112;108;104;48;2;45;41;39m_[38;2;140;136;133;48;2;45;41;38m_[38;2;137;133;131;48;2;34;31;30m_[38;2;149;144;141;48;2;25;23;22m_[38;2;157;154;152;48;2;21;19;18m_[38;2;147;144;143;48;2;15;14;13m_[38;2;138;135;134;48;2;10;9;9m_[38;2;134;131;128;48;2;7;7;7m_[38;2;115;113;112;48;2;5;5;5m_[38;2;110;108;108;48;2;4;4;4m_[38;2;95;93;92;48;2;3;3;3m_[38;2;78;77;76;48;2;2;2;2m_[38;2;33;31;30;48;2;18;16;15m"[38;2;146;137;129;48;2;91;82;76mt[38;2;123;108;103;48;2;75;64;60m4[38;2;0;1;0;48;2;13;9;8m`[48;2;0;0;0m                           [38;2;0;0;0;48;2;6;6;6m:[38;2;126;125;125;48;2;5;5;5m_[38;2;137;136;135m_[38;2;138;137;137;48;2;6;6;6m_[38;2;131;130;129m_[38;2;133;131;130;48;2;6;6;5m_[38;2;129;128;127;48;2;7;6;6m_[38;2;108;107;105;48;2;7;7;6m_[38;2;104;102;101;48;2;9;9;8m_[38;2;91;90;89;48;2;9;9;9m_[38;2;79;77;76;48;2;10;10;9m_[38;2;80;78;76m_[38;2;77;76;73;48;2;11;11;11m_[38;2;78;77;75;48;2;9;9;9m_[0m
[?25h